index RAJ2000 DEJ2000 exptime Nvis LogProb contour
0 279.993 14.89747 1200.0 1.0 -2.096660714615271 0.18414046753513433
1 279.609 17.19681 1200.0 1.0 -2.244506108914782 0.25205885924903154
2 279.147 14.86077 1200.0 1.0 -2.438328248104253 0.07821506915610178
3 337.724091 52.809784 1200.0 1.0 -2.5556782440776864 0.2667480207306165
4 287.635 27.34337 1200.0 1.0 -2.656630974657662 0.015547106367832936
5 285.902 27.60658 1200.0 1.0 -2.6646034803313747 0.2928258806686434
6 290.119 30.8253 1200.0 1.0 -2.6936161409271837 0.06098673002551569
7 294.818787 33.96328 1200.0 1.0 -2.723340035155183 0.24426036671615192
8 289.932068 30.893555 1200.0 1.0 -2.732300911379013 0.06098673002551569
9 282.255 19.33188 1200.0 1.0 -2.7672224415524678 0.045802691217579614
10 286.285248 26.849449 1200.0 1.0 -2.8077694820986734 0.17047072129210528
11 284.183 25.23715 1200.0 1.0 -2.8158752533029165 0.2974860739011552
12 325.783783 50.080372 1200.0 1.0 -2.8385822726192815 0.04110908901766282
13 332.423676 50.880482 1200.0 1.0 -2.86845645975778 0.15629443374489452
14 279.47699 17.533932 1200.0 1.0 -2.9191146430423736 0.3091929431956893
15 291.340393 32.864769 1200.0 1.0 -2.9279950272700614 0.1822817856859591
16 329.338196 50.842731 1200.0 1.0 -2.9741578611825883 0.07207693424597639
17 280.803 17.06705 1200.0 1.0 -2.976350371671442 0.052300860299468344
18 67.394165 0.768994 1200.0 1.0 -3.04102767253397 0.30199337775561313
19 279.195 16.785 1200.0 1.0 -3.061671506084932 0.29100784928483314
20 346.324158 53.199951 1200.0 1.0 -3.0695485973019156 0.27914296746206374
21 331.76178 51.378269 1200.0 1.0 -3.0973676729506607 0.08692707988598684
22 333.285706 50.516453 1200.0 1.0 -3.1301012710373213 0.24437827555577393
23 330.680481 51.335392 1200.0 1.0 -3.2174374353015236 0.13576062098943026
24 288.543 26.73455 1200.0 1.0 -3.2277704309611623 0.32017398948531434
25 279.017334 14.537313 1200.0 1.0 -3.244114547832142 0.06935005050602032
26 330.126373 50.471062 1200.0 1.0 -3.263565994233969 0.14723640686073455
27 329.573853 51.941326 1200.0 1.0 -3.271171222379502 0.3134149494777614
28 329.041473 51.603542 1200.0 1.0 -3.275485961802279 0.2461982296087436
29 280.580231 17.704641 1200.0 1.0 -3.2785061898125307 0.11424153654925052
30 276.179169 12.339292 1200.0 1.0 -3.286654866346229 0.3500561996207358
31 285.689453 27.307407 1200.0 1.0 -3.312179250555625 0.3093770479880679
32 337.07 50.78975 1200.0 1.0 -3.330196044477498 0.3165747464171843
33 329.416168 51.532768 1200.0 1.0 -3.349813840440542 0.19168405196396066
34 333.256104 51.399235 1200.0 1.0 -3.353908943544649 0.0977681180778408
35 331.792419 52.410786 1200.0 1.0 -3.371152269876201 0.31866306065096983
36 338.745636 52.104382 1200.0 1.0 -3.4079436344819714 0.14052450007186648
37 330.96817 51.265438 1200.0 1.0 -3.4156679874807883 0.09358194561755229
38 346.379486 52.017982 1200.0 1.0 -3.4238263334397243 0.23294766702546857
39 280.71225 17.048992 1200.0 1.0 -3.428877401008073 0.039243502397836014
40 344.845 53.74008 1200.0 1.0 -3.435773513214693 0.34705645643713445
41 331.820648 52.414959 1200.0 1.0 -3.4362443784459993 0.31866306065096983
42 297.418701 38.259735 1200.0 1.0 -3.462342003583142 0.14566017770595907
43 326.502319 49.723267 1200.0 1.0 -3.47753426414015 0.14889373554704036
44 301.182404 40.262779 1200.0 1.0 -3.477775056722821 0.05842347765944417
45 276.780243 10.585063 1200.0 1.0 -3.5030746553451926 0.12023424262258106
46 330.090881 51.765755 1200.0 1.0 -3.503429508452505 0.20919547830595955
47 66.82621 2.376284 1200.0 1.0 -3.5065742960675594 0.3256862366489651
48 289.565613 29.510973 1200.0 1.0 -3.5119937625540265 0.05424019175300705
49 288.592 29.97645 1200.0 1.0 -3.5122248555626667 0.23965633719564164
50 342.167267 53.162476 1200.0 1.0 -3.521179576103891 0.2844200155227798
51 332.668671 50.748676 1200.0 1.0 -3.527350292846276 0.17321098884924938
52 332.48761 51.922264 1200.0 1.0 -3.534510090886715 0.16565770745968006
53 300.665619 40.804535 1200.0 1.0 -3.542146266976209 0.2411619090450688
54 350.766327 52.02129 1200.0 1.0 -3.552688102807471 0.25481631121725923
55 330.006348 51.056416 1200.0 1.0 -3.554173919977781 0.08140907385150958
56 274.922 7.31656 1200.0 1.0 -3.5554290402355293 0.18212654064725567
57 283.597626 24.652145 1200.0 1.0 -3.5661713081981485 0.332130431489058
58 331.827423 52.601624 1200.0 1.0 -3.573571560573088 0.31866306065096983
59 347.646118 52.201275 1200.0 1.0 -3.596429317338858 0.22054042519091568
60 273.861389 2.883724 1200.0 1.0 -3.616706132587753 0.32078459357745503
61 287.564331 25.32077 1200.0 1.0 -3.6251999883948183 0.2808744404052808
62 293.619781 32.860687 1200.0 1.0 -3.627479213684275 0.25720182579593354
63 291.981384 32.602364 1200.0 1.0 -3.630086395431167 0.007700948116666279
64 287.057159 26.613525 1200.0 1.0 -3.6430189229698313 0.022728412125166273
65 332.343201 50.974979 1200.0 1.0 -3.6442480441525555 0.15629443374489452
66 331.397278 52.193478 1200.0 1.0 -3.646053087901345 0.2900083181709869
67 292.770599 33.884361 1200.0 1.0 -3.64804019467698 0.11328184558547515
68 287.042847 26.620468 1200.0 1.0 -3.6534344566267305 0.022728412125166273
69 293.547546 33.591679 1200.0 1.0 -3.6550053193284358 0.03251766868824103
70 291.234344 33.429459 1200.0 1.0 -3.658431357396257 0.3054540479633223
71 330.447296 51.316231 1200.0 1.0 -3.6592898500879327 0.10358684407330156
72 288.212585 27.276392 1200.0 1.0 -3.6730594878423997 0.10524999231430451
73 67.689377 0.863657 1200.0 1.0 -3.6874801235631582 0.30199337775561313
74 332.031769 52.377098 1200.0 1.0 -3.6911749061958785 0.31866306065096983
75 274.149811 5.747251 1200.0 1.0 -3.691800706933097 0.2010010824068354
76 299.027985 38.652813 1200.0 1.0 -3.7036657583726047 0.035612896835725306
77 276.869049 9.492581 1200.0 1.0 -3.705582237824352 0.17869011548073377
78 330.228638 51.713863 1200.0 1.0 -3.7143384810296896 0.20919547830595955
79 292.984833 35.434883 1200.0 1.0 -3.7237878336806087 0.29311345867592653
80 329.683655 50.998253 1200.0 1.0 -3.725997616478192 0.08753561654185196
81 293.327 34.98115 1200.0 1.0 -3.7352779441815303 0.20374248207416445
82 277.793152 13.439186 1200.0 1.0 -3.7582907828563537 0.20481653927313595
83 280.900665 18.232588 1200.0 1.0 -3.7640716970856776 0.12127234434224578
84 283.590393 24.800484 1200.0 1.0 -3.76998012548513 0.332130431489058
85 334.751526 51.931602 1200.0 1.0 -3.777935077762502 0.12371499818633754
86 329.407043 51.168324 1200.0 1.0 -3.783184957679398 0.1322142015304233
87 329.160675 51.726559 1200.0 1.0 -3.7919699490041214 0.2461982296087436
88 345.238831 52.247448 1200.0 1.0 -3.808979720844506 0.20005345718468587
89 293.144745 34.084114 1200.0 1.0 -3.8102595477036503 0.03506107961769921
90 336.785736 51.568485 1200.0 1.0 -3.812838885183341 0.17640052429031056
91 335.371582 52.472435 1200.0 1.0 -3.8133468216580315 0.23080435190273177
92 333.362 50.50433 1200.0 1.0 -3.815702362871579 0.2839470751773785
93 279.160553 13.16026 1200.0 1.0 -3.8211508363962214 0.2193388229344125
94 294.407501 34.622383 1200.0 1.0 -3.823190313852127 0.017685013503321183
95 285.401886 24.947254 1200.0 1.0 -3.8295135142913184 0.09247958116754253
96 296.360382 36.429955 1200.0 1.0 -3.834591978345992 0.00873704795810362
97 280.175323 16.823334 1200.0 1.0 -3.8424428709673246 0.07406233088274303
98 290.92572 31.603754 1200.0 1.0 -3.848974419549432 0.040450981543010675
99 287.653442 26.972006 1200.0 1.0 -3.85730697449352 0.09006393310789632
100 274.444702 6.384043 1200.0 1.0 -3.8578283557321775 0.19851594295195324
101 278.436371 14.73214 1200.0 1.0 -3.862610991867357 0.19549328392912907
102 285.240814 23.477552 1200.0 1.0 -3.878265646340782 0.06491698878248892
103 280.798 18.72758 1200.0 1.0 -3.8807332815788227 0.16359505737185098
104 347.637939 52.188778 1200.0 1.0 -3.897365679562525 0.22054042519091568
105 294.532227 35.749695 1200.0 1.0 -3.8981132173604593 0.15552747215309837
106 295.398468 35.12463 1200.0 1.0 -3.905257126911084 0.06871896501814816
107 292.252655 32.700352 1200.0 1.0 -3.9206391845819772 0.005731767118767284
108 286.331543 24.923189 1200.0 1.0 -3.9224634019916413 0.10132750232172995
109 279.790436 16.407812 1200.0 1.0 -3.923118932441645 0.10865446397110341
110 280.183746 14.294169 1200.0 1.0 -3.932868838045216 0.2799491777989403
111 275.943726 10.135906 1200.0 1.0 -3.934653006973477 0.21246511645866945
112 280.549896 17.63603 1200.0 1.0 -3.9412369280267416 0.11424153654925052
113 337.638458 51.694874 1200.0 1.0 -3.941365064879641 0.15917068421039235
114 280.974915 17.556833 1200.0 1.0 -3.9502667606488453 0.03605399534013
115 277.362305 11.64747 1200.0 1.0 -3.9564981119260008 0.10339069113905537
116 294.816772 33.928001 1200.0 1.0 -3.962916854442211 0.24426036671615192
117 296.552765 36.674332 1200.0 1.0 -3.964296960727742 0.013854451113616521
118 277.211426 13.734265 1200.0 1.0 -3.9741453306468277 0.31911102573308836
119 289.674866 30.28368 1200.0 1.0 -3.9748376356726647 0.011134559439064782
120 280.343781 14.975237 1200.0 1.0 -3.975177993360698 0.2264467580611934
121 66.392174 2.951648 1200.0 1.0 -3.9808481677671197 0.3300896991812287
122 288.619751 29.31995 1200.0 1.0 -3.98288650985213 0.11928932385755084
123 67.600754 0.584799 1200.0 1.0 -3.986043764128932 0.287656604361462
124 292.602539 33.659981 1200.0 1.0 -3.9865089568024406 0.10981574092820533
125 279.715515 16.757668 1200.0 1.0 -3.9888919731599075 0.17305049837562844
126 342.262878 53.229305 1200.0 1.0 -3.9929143342906896 0.2844200155227798
127 274.648132 7.627397 1200.0 1.0 -3.9930647654656237 0.25895706740246077
128 292.217377 32.259506 1200.0 1.0 -4.009480257500401 0.03063352278357326
129 330.099457 51.546318 1200.0 1.0 -4.021437706153202 0.20919547830595955
130 293.994202 33.215851 1200.0 1.0 -4.027947543816076 0.25581953215253944
131 324.389374 48.571865 1200.0 1.0 -4.038481822293711 0.3328397835634046
132 290.024048 30.886251 1200.0 1.0 -4.044467909271396 0.06098673002551569
133 299.227 40.37422 1200.0 1.0 -4.0506596294806965 0.3024606984017585
134 330.117493 51.464943 1200.0 1.0 -4.056915154837956 0.1508886648411134
135 293.809143 35.27993 1200.0 1.0 -4.060483368098016 0.21079945280712642
136 278.861572 16.665695 1200.0 1.0 -4.0637515067772085 0.3084917220560016
137 273.290558 2.549524 1200.0 1.0 -4.067510393674272 0.26700560203921403
138 67.9806 1.19908 1200.0 1.0 -4.07124440045459 0.30583289653959334
139 294.573822 35.397831 1200.0 1.0 -4.07187925126231 0.07447964695580632
140 338.170197 51.811913 1200.0 1.0 -4.074924421790846 0.147411119102193
141 272.377258 2.932896 1200.0 1.0 -4.079352223722115 0.28118007934238237
142 353.218201 51.877972 1200.0 1.0 -4.083119538621272 0.2734480530832674
143 280.261658 14.079451 1200.0 1.0 -4.08444663256771 0.33742789646098964
144 342.650665 51.872261 1200.0 1.0 -4.086364317251748 0.22292032257649982
145 330.213837 51.570812 1200.0 1.0 -4.089049206096357 0.1508886648411134
146 291.645355 33.376934 1200.0 1.0 -4.092975222415975 0.25296316906010474
147 342.381348 53.078838 1200.0 1.0 -4.095229772962421 0.2844200155227798
