index RAJ2000 DEJ2000 exptime Nvis LogProb contour
0 266.697083 59.245708 1200.0 1.0 -14.541706212910553 8.21780608372425
1 266.236115 55.704632 1200.0 1.0 -15.096178597222838 25.268523599406727
2 270.324127 39.707851 1200.0 1.0 -15.12718154426524 3.0333111496859426
3 269.354919 50.727993 1200.0 1.0 -15.174895177172084 1.2618488245677901
4 269.271149 47.741348 1200.0 1.0 -15.206765352945975 0.10877462032592464
5 265.046143 62.641842 1200.0 1.0 -15.362488768986477 17.945107197981
6 271.469849 34.017143 1200.0 1.0 -15.373297191881246 23.793224505492766
7 269.71579 34.005867 1200.0 1.0 -15.403660970328273 36.96391552901971
8 266.448334 60.89743 1200.0 1.0 -15.411595449206365 9.782780583157246
9 269.014832 49.028442 1200.0 1.0 -15.418660090026277 0.25774931598323475
10 266.770935 54.881851 1200.0 1.0 -15.421046717750407 16.483649632306026
11 270.078979 34.639816 1200.0 1.0 -15.506413149551333 18.00456416269142
12 267.33725 62.222809 1200.0 1.0 -15.564991166862075 23.069175730211253
13 266.887054 64.027596 1200.0 1.0 -15.566715796537514 32.95740720297798
14 267.15979 51.157242 1200.0 1.0 -15.573751408639755 30.22943478459498
15 266.901001 59.413578 1200.0 1.0 -15.638816538882642 7.36341090044345
16 265.720398 66.476067 1200.0 1.0 -15.646326081112294 27.775962091010115
17 271.535614 23.465588 1200.0 1.0 -15.663950769146943 36.76721524486475
18 266.819519 61.308926 1200.0 1.0 -15.669786870700925 13.690258957246856
19 261.968842 68.409813 1200.0 1.0 -15.68093810883628 25.817086282652703
20 265.291016 66.679253 1200.0 1.0 -15.703799332287478 28.76659237003673
21 264.125 68.058678 1200.0 1.0 -15.707950586046907 29.184379195079778
22 266.206024 55.349648 1200.0 1.0 -15.740059844781804 25.893403893799157
23 266.491119 57.257206 1200.0 1.0 -15.743899609504359 13.412178323485977
24 266.772888 57.301018 1200.0 1.0 -15.75568090260097 9.557772556689734
25 270.182068 35.013729 1200.0 1.0 -15.801871308151483 16.022399395039336
26 266.111755 55.827988 1200.0 1.0 -15.831736028340268 24.72213607018227
27 271.439575 34.75135 1200.0 1.0 -15.839850884738572 24.033559886365243
28 262.592285 67.322601 1200.0 1.0 -15.844536295799434 25.67993122533122
29 264.023804 68.155922 1200.0 1.0 -15.84889218206382 30.18683666262242
30 265.218964 62.607586 1200.0 1.0 -15.854083450571016 14.220224572452118
31 264.690948 59.373177 1200.0 1.0 -15.86732765481909 33.18449616716096
32 271.162903 41.511276 1200.0 1.0 -15.875215115555784 26.39778263937672
33 269.433807 54.44878 1200.0 1.0 -15.905154639682353 18.269937962507164
34 269.213531 54.396339 1200.0 1.0 -15.930937849514498 12.016230519527506
35 270.29541 48.530663 1200.0 1.0 -15.94016930354362 15.41791038256281
36 270.737854 29.310764 1200.0 1.0 -15.946638656986261 23.322427862901797
37 266.803833 61.434185 1200.0 1.0 -15.986808751350816 13.959612439097526
38 267.171 58.40472 1200.0 1.0 -15.986993241626633 5.750160934911543
39 266.44635 55.776672 1200.0 1.0 -15.98915450617852 25.271192909809947
40 266.207 55.34964 1200.0 1.0 -16.029026115272792 25.893403893799157
41 267.42868 60.371742 1200.0 1.0 -16.036590096359134 12.683413886946543
42 270.843292 29.091635 1200.0 1.0 -16.0395716933394 24.22601746689954
43 271.308258 46.881535 1200.0 1.0 -16.04115069727682 44.45208392322232
44 268.025238 52.446606 1200.0 1.0 -16.045934488986024 3.1660059944054577
45 270.099304 28.78825 1200.0 1.0 -16.062998943404082 45.188184862225036
46 264.614471 61.039932 1200.0 1.0 -16.072907231295833 28.59065995527169
47 268.951874 62.612106 1200.0 1.0 -16.100883668329175 59.51303387639951
48 266.666626 58.634979 1200.0 1.0 -16.105818176784723 8.206463601416838
49 266.715637 59.205166 1200.0 1.0 -16.123947472141232 8.21780608372425
50 267.089813 54.14904 1200.0 1.0 -16.126842664269617 19.83599818053828
51 267.242126 55.153473 1200.0 1.0 -16.140053569634375 9.594743224227365
52 268.709686 62.645065 1200.0 1.0 -16.14148184122284 46.06692593898388
53 266.878174 59.914249 1200.0 1.0 -16.15462049758221 7.998043026921595
54 267.96994 49.544395 1200.0 1.0 -16.183804247562556 15.238576209000824
55 264.050446 69.988983 1200.0 1.0 -16.20002917959389 37.867581286160046
56 270.048981 34.499924 1200.0 1.0 -16.201101088438673 23.925954050114964
57 267.203674 55.099606 1200.0 1.0 -16.245290705983827 9.594743224227365
58 269.811249 45.887081 1200.0 1.0 -16.24704108868368 1.1434187807536251
59 270.112671 48.396519 1200.0 1.0 -16.25288798082717 9.716498876202566
60 265.72 66.47606 1200.0 1.0 -16.271238150249186 27.775962091010115
61 266.203552 61.910526 1200.0 1.0 -16.27866665192014 11.867696461932061
62 270.758911 29.373814 1200.0 1.0 -16.279600068436576 24.792509677960105
63 269.873901 43.391922 1200.0 1.0 -16.281236289939848 0.9141075768493524
64 271.456299 18.537977 1200.0 1.0 -16.283873858484675 47.485286576539906
65 268.832062 51.574429 1200.0 1.0 -16.29133769961068 0.603055566841489
66 267.825043 59.470825 1200.0 1.0 -16.295034477322417 18.867493641748545
67 270.703461 29.307156 1200.0 1.0 -16.300575312016125 25.780198541934883
68 269.925476 52.378021 1200.0 1.0 -16.30657527732901 16.077052197341025
69 272.164734 28.060219 1200.0 1.0 -16.329019120445025 44.13563576810611
70 263.167206 68.705429 1200.0 1.0 -16.358562027896348 26.625635997057838
71 261.09787 72.157623 1200.0 1.0 -16.366057753639367 36.21528607562251
72 267.719818 47.197353 1200.0 1.0 -16.366315647799638 34.50419340337913
73 264.067749 68.052307 1200.0 1.0 -16.4004667325274 29.184379195079778
74 267.505768 60.092285 1200.0 1.0 -16.406639493178716 14.8661938518357
75 262.620789 65.535423 1200.0 1.0 -16.421171333608378 26.86733071563815
76 264.155518 63.583866 1200.0 1.0 -16.436414784939238 23.347664296124155
77 263.837036 68.098885 1200.0 1.0 -16.443892601820092 24.803325538664307
78 265.607422 55.807362 1200.0 1.0 -16.444678240715312 35.10153886595667
79 266.210083 61.495247 1200.0 1.0 -16.448431709158044 11.056648436953093
80 265.56189 68.348381 1200.0 1.0 -16.477669470819443 46.785014039230596
81 267.570953 59.624321 1200.0 1.0 -16.48182979551075 13.288022667082283
82 270.43277 44.83345 1200.0 1.0 -16.482679858477965 9.026038899303197
83 269.932343 28.866632 1200.0 1.0 -16.493850074759855 45.18673165653752
84 266.141083 48.114086 1200.0 1.0 -16.50669147716584 60.3648650212398
85 265.683136 65.095512 1200.0 1.0 -16.50703947485999 22.21108129001089
86 266.054596 67.593056 1200.0 1.0 -16.526632272368083 42.12476762941273
87 269.350616 50.680767 1200.0 1.0 -16.53472216356517 1.2618488245677901
88 270.509827 45.290394 1200.0 1.0 -16.543064647242716 10.444671853578729
89 270.705 29.30756 1200.0 1.0 -16.560790788279572 25.780198541934883
90 269.845978 54.119267 1200.0 1.0 -16.573305879811464 26.573959218093545
91 263.66098 67.035263 1200.0 1.0 -16.57493596691662 21.591133311969596
92 264.53891 58.71492 1200.0 1.0 -16.57778164156597 44.14469187421049
93 270.443329 19.729019 1200.0 1.0 -16.591579357568328 56.14156768735855
94 264.45578 57.110764 1200.0 1.0 -16.601995669599717 48.2782293670809
95 264.962311 59.279118 1200.0 1.0 -16.603145402285172 33.73612222550702
96 269.427246 45.132092 1200.0 1.0 -16.604237728885167 2.271878504192315
97 272.295135 30.32687 1200.0 1.0 -16.639039167700595 48.85321469883422
98 269.829773 41.883713 1200.0 1.0 -16.648566966687433 1.998733083844069
99 270.767761 45.256367 1200.0 1.0 -16.656589009786863 26.07179261499984
100 269.423309 45.138477 1200.0 1.0 -16.673586938471484 2.271878504192315
101 262.014648 70.719521 1200.0 1.0 -16.674579758799283 30.67619547280772
102 266.664917 51.281345 1200.0 1.0 -16.6854586927597 40.70523938019855
103 266.509 59.32328 1200.0 1.0 -16.68749004438709 8.274495654942768
104 263.351166 68.554085 1200.0 1.0 -16.730448973066522 26.035109166684293
105 269.726471 44.824245 1200.0 1.0 -16.7381955691965 0.455505842946085
106 263.575439 68.019112 1200.0 1.0 -16.75037626594567 24.291830957031888
107 264.501343 69.974274 1200.0 1.0 -16.752001608459974 45.69669953060062
108 271.335693 23.129911 1200.0 1.0 -16.77378843108123 37.43765613002107
109 265.305206 60.449791 1200.0 1.0 -16.778837551907216 21.54453394836848
110 272.141022 25.724941 1200.0 1.0 -16.78314299989147 44.92394641522541
111 263.259613 68.280716 1200.0 1.0 -16.784107533992763 25.353816724493804
112 265.725128 58.79216 1200.0 1.0 -16.786310737515898 25.856575310014467
113 268.16507 52.655979 1200.0 1.0 -16.791899920086646 3.0623755666242904
114 267.420746 53.565041 1200.0 1.0 -16.796540753934014 13.549719252501893
115 267.622864 60.027649 1200.0 1.0 -16.79717887932379 14.5764375646836
116 270.51532 29.105825 1200.0 1.0 -16.801421327991214 29.863783908229024
117 263.998474 67.751755 1200.0 1.0 -16.817627799857572 23.654615862114483
118 271.160095 20.097132 1200.0 1.0 -16.82184884545095 45.49291700690316
119 266.304291 55.632538 1200.0 1.0 -16.83348431593287 25.273862220213168
120 267.973053 62.456398 1200.0 1.0 -16.840520927568438 35.44403416423999
121 268.793304 58.824707 1200.0 1.0 -16.84723887392213 25.927550911745644
122 269.064178 51.957066 1200.0 1.0 -16.853141046896308 1.4714666484445365
123 267.696716 62.880718 1200.0 1.0 -16.854915738271604 37.35349661703992
124 273.140503 21.426077 1200.0 1.0 -16.870891832625542 66.30338365103331
125 270.444275 44.478451 1200.0 1.0 -16.888913997398795 8.092909062850708
126 262.589203 59.639866 1200.0 1.0 -16.896507535036278 57.30157548492776
127 272.739 31.11563 1200.0 1.0 -16.90270376153466 60.76914288123899
128 272.739563 31.116236 1200.0 1.0 -16.90740114709881 60.76914288123899
129 266.492371 57.384426 1200.0 1.0 -16.920787020728334 13.267288761603826
130 267.766266 51.022987 1200.0 1.0 -16.92256100881134 20.213743111444344
131 264.680267 57.239285 1200.0 1.0 -16.928835251383397 48.275716059589726
132 267.668396 51.034332 1200.0 1.0 -16.930445633110306 19.285062564018997
133 271.954803 35.883438 1200.0 1.0 -16.934027802631476 47.264140060588225
134 264.239746 59.200253 1200.0 1.0 -16.944629363574364 42.464004887286286
135 267.457855 60.201187 1200.0 1.0 -16.945624884840925 11.7790555127013
136 267.328583 63.758911 1200.0 1.0 -16.94791143890731 31.015583484280906
137 269.720825 49.500332 1200.0 1.0 -16.951955986192015 3.3354137868282834
138 267.033691 51.399193 1200.0 1.0 -16.953681653386873 29.336507255095878
139 268.1575584 52.3819001 1200.0 1.0 -16.957142566101197 3.384847728490223
140 267.1405306 61.3494157 1200.0 1.0 -16.966620974600772 19.0858525527417
141 263.892303 59.889999 1200.0 1.0 -16.968912093561027 48.43358049911818
142 267.795502 63.458843 1200.0 1.0 -16.991147409201716 40.17338513832479
143 262.959564 59.615437 1200.0 1.0 -17.02124915145287 57.30884621629373
144 269.420959 27.834688 1200.0 1.0 -17.02556543294306 55.73889285263566
145 271.011139 36.502537 1200.0 1.0 -17.037032143899317 14.223598238074686
146 266.06604 55.468517 1200.0 1.0 -17.046382798773827 36.28672560197661
147 268.786926 45.234695 1200.0 1.0 -17.04697211187746 18.263708179769818
148 270.441284 28.424433 1200.0 1.0 -17.04712255446336 36.11572903557
149 268.82843 61.60656 1200.0 1.0 -17.048319799789034 41.37480196649899
150 268.245789 44.976952 1200.0 1.0 -17.053409099173848 31.429779962194537
151 263.167 68.70521 1200.0 1.0 -17.056047959691277 26.625635997057838
152 267.287933 61.673946 1200.0 1.0 -17.059454917242554 21.07776500145433
153 263.814545 68.017235 1200.0 1.0 -17.067534450340396 24.286348829045153
154 259.858459 72.465096 1200.0 1.0 -17.071322268725165 34.02645241630158
155 272.335541 18.297403 1200.0 1.0 -17.073185696124717 53.43274611982637
156 262.594 71.3312 1200.0 1.0 -17.07398330874763 37.460566058557724
157 113.269371 65.079056 1200.0 1.0 -17.08509907655049 64.9273618618526
158 263.646606 70.468864 1200.0 1.0 -17.098173078130756 40.559740873204895
159 270.461914 40.671879 1200.0 1.0 -17.102282201068842 3.203249630413152
160 269.599854 50.916737 1200.0 1.0 -17.108330633814965 8.28960911548957
161 266.67337 55.398743 1200.0 1.0 -17.123538347230244 18.192022802258148
162 269.83178050000004 47.637808 1200.0 1.0 -17.12536447884853 2.837313204373791
163 269.892731 24.886915 1200.0 1.0 -17.133374390151396 59.83202656766585
164 268.386719 64.172997 1200.0 1.0 -17.13660126797258 53.24856050433856
165 267.990295 50.947449 1200.0 1.0 -17.137174973712746 11.347586588951968
166 268.755157 45.089123 1200.0 1.0 -17.137621347822005 19.18094919790681
167 271.53302 22.646975 1200.0 1.0 -17.139259192433478 39.028869113633846
168 267.50296 61.531734 1200.0 1.0 -17.145482241330043 20.183635806378483
169 260.07077 72.254875 1200.0 1.0 -17.145809004262013 32.85220539065429
170 269.2208131 44.0278542 1200.0 1.0 -17.156490493877747 8.887664433832484
171 261.861603 58.516628 1200.0 1.0 -17.17855745648299 68.52879162230164
172 104.393555 46.403015 1200.0 1.0 -17.188005525589546 70.71894388028873
173 273.003 21.46507 1200.0 1.0 -17.200644258233076 66.30375361386578
174 269.7977302 42.5909409 1200.0 1.0 -17.200746283090645 2.483924846175363
175 265.054749 62.373783 1200.0 1.0 -17.210596396173376 18.14834904521038
176 270.876953 47.795906 1200.0 1.0 -17.211392907887884 36.33029904874635
177 270.270905 29.000128 1200.0 1.0 -17.21238248660622 39.11706651992911
178 269.318054 64.938057 1200.0 1.0 -17.22100649885308 66.9065436036794
179 264.594513 68.037376 1200.0 1.0 -17.2234171564546 28.09177731893734
180 266.012878 67.630257 1200.0 1.0 -17.224503127175996 42.12476762941273
181 264.522308 57.117985 1200.0 1.0 -17.23762051564021 48.2782293670809
182 264.222229 68.171463 1200.0 1.0 -17.238416879380075 29.186799089139893
183 264.094543 68.070641 1200.0 1.0 -17.255737069651882 29.186799089139893
184 272.912476 21.569006 1200.0 1.0 -17.258485833655037 60.181572499931804
185 268.823975 49.904705 1200.0 1.0 -17.25888535187933 0.7144364377889874
186 272.05 11.71216 1200.0 1.0 -17.259074438544634 60.14652690459547
187 269.831 58.54092 1200.0 1.0 -17.25944821922854 48.17998900029775
188 250.687714 73.657349 1200.0 1.0 -17.27196128387091 57.15914186391075
189 266.54657 55.266674 1200.0 1.0 -17.27260437658932 26.566200561044536
190 263.707794 67.385834 1200.0 1.0 -17.2754658631994 22.689435374689584
191 270.86994930000003 45.7956708 1200.0 1.0 -17.277376164699795 28.079414496660526
192 265.564117 55.986549 1200.0 1.0 -17.28313319636174 44.3159933696272
193 265.48175 63.756584 1200.0 1.0 -17.293814071402167 14.60986574661047
194 270.285156 22.552605 1200.0 1.0 -17.300790813669607 53.73194697764466
195 270.327118 28.889025 1200.0 1.0 -17.315703076599235 35.01277625104729
196 266.910431 51.434277 1200.0 1.0 -17.328491830331643 39.94704686291632
197 264.734009 59.349834 1200.0 1.0 -17.34449128352256 33.738265795857295
198 263.132874 69.333755 1200.0 1.0 -17.362107199438285 29.524173509879013
199 272.814087 36.007797 1200.0 1.0 -17.366455294088546 63.1453512766632
200 267.047974 53.152531 1200.0 1.0 -17.37111331417122 23.159357973614167
201 268.215363 54.760086 1200.0 1.0 -17.38252076769311 2.0757737719001508
202 270.516 29.10584 1200.0 1.0 -17.384163681525976 29.863783908229024
203 260.789795 63.907856 1200.0 1.0 -17.384872889813842 58.93151454004134
204 269.6124255 47.0913555 1200.0 1.0 -17.386073002908944 0.6743659335244157
205 265.415771 64.498787 1200.0 1.0 -17.38892457862102 15.954818803367802
206 262.823456 59.492596 1200.0 1.0 -17.39154255758874 57.30448377747415
207 264.873352 68.797707 1200.0 1.0 -17.393578066343977 39.99946350790464
208 261.840179 67.373367 1200.0 1.0 -17.39793847060789 30.973911058330017
209 270.603577 26.040302 1200.0 1.0 -17.404856210494415 35.72645123751437
210 269.5232057 49.726786 1200.0 1.0 -17.407677225577267 1.6582043689680495
211 268.547424 46.93166 1200.0 1.0 -17.411600535199778 14.095243392847484
212 270.210419 35.375946 1200.0 1.0 -17.414603132748645 14.799786815641966
213 270.561035 38.42141 1200.0 1.0 -17.41866218976771 5.034821697357797
214 270.921448 54.717262 1200.0 1.0 -17.420849296174055 52.57037952365066
215 106.425102 50.581104 1200.0 1.0 -17.423950499910866 69.38052697276197
216 263.69104 58.937447 1200.0 1.0 -17.426808841468322 50.84096201676992
217 259.933289 68.862473 1200.0 1.0 -17.429803970286176 34.886346410138955
218 271.154663 23.001299 1200.0 1.0 -17.43687574387571 37.92763996462293
219 265.89328 67.6036 1200.0 1.0 -17.44139920020536 42.12639216419367
220 269.993011 44.853973 1200.0 1.0 -17.443369977238174 0.7010854830943247
221 267.608398 59.793209 1200.0 1.0 -17.450307099012953 13.618326590605692
222 271.401764 27.287422 1200.0 1.0 -17.454077522983237 28.89326807797111
223 270.452972 45.310398 1200.0 1.0 -17.45598957877274 10.444671853578729
224 270.739777 45.237732 1200.0 1.0 -17.465602797222807 15.62228018374843
225 266.372162 58.204208 1200.0 1.0 -17.4708952974825 11.672439869904187
226 264.17392 70.910606 1200.0 1.0 -17.471213297143972 49.794446181675816
227 268.023987 60.597881 1200.0 1.0 -17.47239086502896 25.00038250900239
228 262.063446 68.11367 1200.0 1.0 -17.480740015122407 25.62970367253016
229 264.76236 58.834545 1200.0 1.0 -17.49128658058074 34.952778704842494
230 270.205231 38.727589 1200.0 1.0 -17.492856703182568 5.002800123097247
231 262.595123 71.330658 1200.0 1.0 -17.503118743664835 37.460566058557724
232 261.170044 69.828293 1200.0 1.0 -17.51406440792718 27.069287660534098
233 269.225067 62.129948 1200.0 1.0 -17.53868862423915 57.87554552530311
234 265.473816 55.932102 1200.0 1.0 -17.542798654909518 44.3159933696272
235 267.525299 56.675972 1200.0 1.0 -17.54280179269719 3.4259983768973545
236 263.050598 59.941593 1200.0 1.0 -17.54320674489086 57.31030036256692
237 270.390076 26.253031 1200.0 1.0 -17.544453214565056 38.8007724723457
238 105.637657 50.590607 1200.0 1.0 -17.54838909430147 69.09555283726972
239 263.505249 68.395523 1200.0 1.0 -17.55119427330514 25.359138225011513
240 271.270142 17.267302 1200.0 1.0 -17.554024495466024 52.10134918178929
241 267.997528 62.649723 1200.0 1.0 -17.559579132025064 36.36194883860991
242 269.03882389999995 54.4714341 1200.0 1.0 -17.560153213205318 7.536212337619228
243 267.286469 64.606171 1200.0 1.0 -17.56319708285561 36.01592631314395
244 266.947784 61.67094 1200.0 1.0 -17.570625759726227 14.532931090828537
245 262.910675 68.577187 1200.0 1.0 -17.57807739753145 24.40399250188651
246 265.822296 62.8391 1200.0 1.0 -17.583194406112476 13.491316845758938
247 269.600311 57.072048 1200.0 1.0 -17.586496145805242 42.184803340629955
248 266.149017 51.611588 1200.0 1.0 -17.587017902935017 48.42483407376989
249 264.1633 60.279701 1200.0 1.0 -17.590324285835976 39.52068503606818
250 265.84668 62.341446 1200.0 1.0 -17.591738978498885 12.553947327999392
251 265.658295 69.680832 1200.0 1.0 -17.5931276176778 51.75671948377264
252 266.449158 51.019222 1200.0 1.0 -17.59919701937409 50.062977709304626
253 269.539337 36.004269 1200.0 1.0 -17.603467728321156 34.73225637689671
254 271.159515 50.426121 1200.0 1.0 -17.607237928919048 47.06340049331737
255 261.557007 62.149582 1200.0 1.0 -17.607783190803453 62.905007078566996
256 266.233215 55.734356 1200.0 1.0 -17.60968681986259 24.72484595053761
257 268.590851 44.510464 1200.0 1.0 -17.60997677570417 20.935885979525327
258 107.795021 50.174694 1200.0 1.0 -17.615334740355536 71.33177622716664
259 266.075745 67.591118 1200.0 1.0 -17.615956890959968 42.12314309463179
260 273.029 25.59518 1200.0 1.0 -17.618003601430956 59.70942372953034
261 264.167297 68.046158 1200.0 1.0 -17.618599643108148 29.184379195079778
262 269.808044 56.231747 1200.0 1.0 -17.62304120459905 37.49870806002033
263 265.552399 62.77018 1200.0 1.0 -17.626625380989445 13.343257406555672
264 266.159851 66.143074 1200.0 1.0 -17.627381026474822 34.56084809408802
265 264.095825 67.982857 1200.0 1.0 -17.633803292003353 29.184379195079778
266 267.751923 65.188194 1200.0 1.0 -17.63625325905827 48.6536031338983
267 268.581848 44.536289 1200.0 1.0 -17.63702004475119 20.93884568948417
268 260.682526 62.166157 1200.0 1.0 -17.639343683617508 62.173759110663504
269 266.416351 64.778542 1200.0 1.0 -17.640780573103086 27.41447521687269
270 268.580933 64.224815 1200.0 1.0 -17.64216221833863 53.247594557404845
271 270.02298 26.366594 1200.0 1.0 -17.643689213061585 52.09094923716483
272 267.876556 54.440796 1200.0 1.0 -17.644441909916573 3.536879424424124
273 268.487915 51.607536 1200.0 1.0 -17.646961663169044 1.0156970464757926
274 269.023773 33.20834 1200.0 1.0 -17.650622931164207 54.51919293401958
275 270.2115607 37.980971200000006 1200.0 1.0 -17.65662844494203 6.9156743175091755
276 255.139114 71.5439 1200.0 1.0 -17.66224482989297 51.11222533009404
277 269.229279 32.636597 1200.0 1.0 -17.670292629003047 52.448561811708984
278 270.7372803 35.124781299999995 1200.0 1.0 -17.672513992957203 10.785823033118415
279 265.639862 66.244453 1200.0 1.0 -17.673701728401664 27.025931569605667
280 270.0751064 53.70599549999999 1200.0 1.0 -17.675157490447777 36.8160304146501
281 260.0901275 71.42619599999999 1200.0 1.0 -17.68306605041012 30.60139134563006
282 265.098236 68.475616 1200.0 1.0 -17.69534007283889 38.190897643010956
283 271.615814 46.539764 1200.0 1.0 -17.697063168988414 56.773459645009204
284 261.822235 58.485527 1200.0 1.0 -17.700373099311115 68.52879162230164
285 262.136475 69.063377 1200.0 1.0 -17.705644838246236 26.019381700509964
286 269.471985 52.093845 1200.0 1.0 -17.706304924589375 7.754279727912423
287 273.005157 21.463512 1200.0 1.0 -17.706710803311527 66.30375361386578
288 270.3056822 47.791667100000005 1200.0 1.0 -17.70826386309085 13.232709007135131
289 272.911041 25.657656 1200.0 1.0 -17.709054046311458 59.710054326006166
290 267.112122 65.302574 1200.0 1.0 -17.70996610090686 39.852419106972
291 269.110962 58.671936 1200.0 1.0 -17.711136789625638 38.01190422681801
292 268.6542513 45.6539723 1200.0 1.0 -17.711189788145987 15.964477263510279
293 261.855804 68.059212 1200.0 1.0 -17.71364163087935 25.634994218728846
294 263.8725259 67.55255490000002 1200.0 1.0 -17.720436213494736 23.260641457715522
295 266.373627 55.558098 1200.0 1.0 -17.726361546431313 25.898660578350523
296 264.469421 54.061043 1200.0 1.0 -17.728615159818496 57.87764410767312
297 270.3568719 51.9406315 1200.0 1.0 -17.737037213151957 29.17711861946333
298 267.1477919 56.18937710000001 1200.0 1.0 -17.74808034452166 7.647286085030222
299 104.07309 45.492859 1200.0 1.0 -17.74845479051073 71.35418924230109
300 256.26123 68.827477 1200.0 1.0 -17.75275233801694 57.469345892297326
301 269.2613009 44.5515975 1200.0 1.0 -17.756679767201973 2.9667465670448325
302 264.662628 56.824284 1200.0 1.0 -17.758101736520032 49.32578268806746
303 263.957184 68.005898 1200.0 1.0 -17.758124725298345 24.283607765051787
304 267.018341 51.80085 1200.0 1.0 -17.759612484596445 27.718512597066624
305 271.5466438 33.7093034 1200.0 1.0 -17.76319551173598 23.75722255498696
306 268.58541260000004 51.0311183 1200.0 1.0 -17.764603906922638 1.2048903119662013
307 268.591132 46.1070967 1200.0 1.0 -17.76744957623995 17.448399927053423
308 200.213 43.96542 1200.0 1.0 -17.77163285600288 77.66838175419383
309 266.7250201 63.976109 1200.0 1.0 -17.774118382571135 22.958964109723752
310 267.5959937 57.4588022 1200.0 1.0 -17.777330196130812 4.371191873728393
311 264.807892 63.961338 1200.0 1.0 -17.777709658834173 16.935716012180745
312 269.199066 55.823002 1200.0 1.0 -17.778518137043328 22.902343512794022
313 269.40243239999995 44.575317 1200.0 1.0 -17.793488743044744 3.091416260345168
314 265.927307 67.932755 1200.0 1.0 -17.793572155549633 44.03434641813556
315 258.453583 67.218887 1200.0 1.0 -17.795387757436664 54.15600195296538
316 271.15036 21.637962 1200.0 1.0 -17.798642135999724 41.2894121295628
317 265.943146 56.804115 1200.0 1.0 -17.799512471314063 32.54976254307959
318 269.252319 31.810011 1200.0 1.0 -17.822006503079223 54.04860697121461
319 106.501198 50.510288 1200.0 1.0 -17.835913408957275 69.38131692138239
320 268.439819 48.535198 1200.0 1.0 -17.840715545694557 8.64378350022985
321 273.023 29.15379 1200.0 1.0 -17.84343887448341 66.80157716585522
322 266.2198418 64.0118618 1200.0 1.0 -17.844605748311366 23.751682260694594
323 262.672791 67.895622 1200.0 1.0 -17.845127004695513 23.448442883514733
324 265.488861 67.517265 1200.0 1.0 -17.84598958265875 32.73767810664471
325 270.8196894 38.3602923 1200.0 1.0 -17.846470891118862 8.763950534884914
326 266.3013 55.660034 1200.0 1.0 -17.85025982591125 25.273862220213168
327 265.83313 68.761391 1200.0 1.0 -17.85143373511977 47.60926864853751
328 264.726196 68.098198 1200.0 1.0 -17.855272509075395 36.47060297616544
329 263.009827 59.45158 1200.0 1.0 -17.85626503760274 58.19508494707585
330 267.558167 58.54932 1200.0 1.0 -17.864558441465505 6.577851149076304
331 269.1506512 58.0107478 1200.0 1.0 -17.865099747898842 34.22809259356568
332 271.022 27.32278 1200.0 1.0 -17.87774094759391 27.102413638850408
333 271.212677 46.54792 1200.0 1.0 -17.883818733699385 43.716230758888265
334 267.506 60.09228 1200.0 1.0 -17.883830541083434 14.8661938518357
335 266.81485 63.032257 1200.0 1.0 -17.88702397823554 18.33528313529094
336 259.846344 68.821083 1200.0 1.0 -17.89338293699482 40.89947118505099
337 273.058502 21.884644 1200.0 1.0 -17.896676807326003 66.26558147994145
338 270.022369 42.53009 1200.0 1.0 -17.898288799381707 1.3886332479414722
339 270.29217650000004 48.5459823 1200.0 1.0 -17.90383177921941 15.41791038256281
340 269.688293 28.330595 1200.0 1.0 -17.90462437735257 54.594184831083005
341 268.3940415 45.4231754 1200.0 1.0 -17.90474014953561 29.727812084307104
342 268.308746 42.786999 1200.0 1.0 -17.90477007912925 39.554372123792376
343 263.051056 68.475639 1200.0 1.0 -17.912961186997023 24.072109223776135
344 271.617035 23.71586 1200.0 1.0 -17.917374963561258 37.39178300059804
345 270.183319 45.179859 1200.0 1.0 -17.919962032279347 2.08004673468615
346 272.613678 31.003115 1200.0 1.0 -17.921028274058685 60.77090725837881
347 268.372162 62.606884 1200.0 1.0 -17.92425767719144 46.964289394045466
348 259.8843508 72.1871868 1200.0 1.0 -17.928734260054995 32.85220539065429
349 264.012024 67.514534 1200.0 1.0 -17.93399524421274 22.69228452574426
350 272.705475 21.23871 1200.0 1.0 -17.934815302214243 60.37580119761332
351 261.980011 56.868835 1200.0 1.0 -17.938392117412057 70.62810714834083
352 263.848297 68.123604 1200.0 1.0 -17.94261341985478 24.803325538664307
353 258.090942 69.180458 1200.0 1.0 -17.947139317143563 45.726457229130176
354 269.9534318 39.1030962 1200.0 1.0 -17.949117578589146 8.43300020545175
355 267.7458782 62.4154849 1200.0 1.0 -17.94951789400398 35.43995380446969
356 261.6834832 67.31451899999999 1200.0 1.0 -17.950292677377448 30.973911058330017
357 269.3767611 43.256167600000005 1200.0 1.0 -17.955102479053835 6.776099956579112
358 266.631134 57.125553 1200.0 1.0 -17.956178894606843 13.765482323620962
359 107.283211 48.615597 1200.0 1.0 -17.959425255849506 71.41238695438244
360 268.622467 32.887283 1200.0 1.0 -17.9624849553897 66.02346572804137
361 269.0627739 46.1217032 1200.0 1.0 -17.964355504675048 2.6863100844914456
362 267.6838894 60.7104792 1200.0 1.0 -17.96498671005353 17.788334986875658
363 267.037018 66.478401 1200.0 1.0 -17.965599791902733 45.75901200037763
364 269.828796 44.299026 1200.0 1.0 -17.975423420319572 0.6832736497001575
365 270.203735 23.046442 1200.0 1.0 -17.979124244096994 60.49430155273272
366 265.493958 66.528656 1200.0 1.0 -17.98310404260537 27.77346541405823
367 269.85556 56.835934 1200.0 1.0 -17.9850497543681 40.187247335317366
368 261.569977 67.748459 1200.0 1.0 -17.98521511546894 30.58030772282965
369 107.09861 51.234718 1200.0 1.0 -17.98555943169498 69.14321382754015
370 107.392403 50.182217 1200.0 1.0 -17.988419475302262 70.32412393584751
371 263.033112 56.878811 1200.0 1.0 -17.989898513437844 63.34868640763162
372 266.2029121 63.1782813 1200.0 1.0 -17.992769542065794 15.024972895768753
373 270.5271 26.601389 1200.0 1.0 -17.99455941152536 37.779168326782404
374 267.028412 65.81398 1200.0 1.0 -17.995747349960773 41.89796399357677
375 262.982574 71.8405 1200.0 1.0 -17.999337475917585 46.81340575709793
376 265.7878187 57.869378000000005 1200.0 1.0 -17.999438152497163 28.519610235255033
377 267.9727625 59.6595682 1200.0 1.0 -18.002419775727997 20.14748080691258
378 261.031281 69.916634 1200.0 1.0 -18.00276427547601 27.341125137646095
379 271.437 33.83019 1200.0 1.0 -18.00289379491816 23.759992702133143
380 270.690216 19.937817 1200.0 1.0 -18.011243315521664 53.21079551908873
381 273.133 21.42104 1200.0 1.0 -18.01439156855305 66.30338365103331
382 266.204376 66.56472 1200.0 1.0 -18.018616002769846 37.288355595964404
383 261.9086497 68.34818829999999 1200.0 1.0 -18.01879819190462 25.661437023310285
384 270.419678 44.56678 1200.0 1.0 -18.019219854774036 8.092909062850708
385 268.2767152 45.3375354 1200.0 1.0 -18.02761888705946 29.725421097270377
386 263.5702151 67.1616458 1200.0 1.0 -18.034961621044314 22.199559376908958
387 265.86087 66.351112 1200.0 1.0 -18.036088376299062 36.387647521614916
388 266.048004 50.549503 1200.0 1.0 -18.038021142847334 57.60449037757854
389 260.376561 72.45740620000001 1200.0 1.0 -18.0399983100098 33.51649622949703
390 263.45224 67.543854 1200.0 1.0 -18.04471705956466 23.252208131620506
391 263.4614525 66.0008257 1200.0 1.0 -18.045416850614465 21.74515169065381
392 261.293732 67.829971 1200.0 1.0 -18.048795752019092 30.368716908608118
393 262.497437 60.350113 1200.0 1.0 -18.049346216834937 55.15668736758247
394 272.1882416 30.085768800000004 1200.0 1.0 -18.052118036556145 44.155251767985405
395 270.7067682 44.6465847 1200.0 1.0 -18.057660386068818 14.270802668106406
396 270.12616 45.178467 1200.0 1.0 -18.059018747234447 2.08004673468615
397 270.002686 45.159252 1200.0 1.0 -18.063780287811447 2.0244348539931534
398 264.238922 56.723583 1200.0 1.0 -18.064551664132722 55.09114005281705
399 269.384796 45.262321 1200.0 1.0 -18.070409759267818 2.1441023060476985
400 269.5053087 46.683299 1200.0 1.0 -18.075800785178906 0.08613667408326821
401 263.996796 63.040218 1200.0 1.0 -18.07595263189726 24.24796418477465
402 271.298 34.70445 1200.0 1.0 -18.07734429905647 24.03080396516279
403 269.4166127 56.059325 1200.0 1.0 -18.08908099927413 23.840268154819785
404 269.2 55.8231 1200.0 1.0 -18.090212974791434 22.902343512794022
405 269.5357591 46.8916309 1200.0 1.0 -18.090548815250955 0.0544186126544651
406 266.712708 59.298222 1200.0 1.0 -18.093729017723305 8.232926756676678
407 269.029694 62.356091 1200.0 1.0 -18.094452345852098 57.876245062795064
408 115.129196 69.924759 1200.0 1.0 -18.099400256240266 64.77881493178347
409 105.270821 51.269653 1200.0 1.0 -18.099731484576065 69.58352168147161
410 267.3679925 48.15737070000001 1200.0 1.0 -18.099735701368285 41.499926855907766
411 263.71814 60.243961 1200.0 1.0 -18.09993355173824 47.50228384780362
412 263.20517 56.901215 1200.0 1.0 -18.102958441787614 63.35014004713199
413 268.837433 31.847132 1200.0 1.0 -18.105824528252427 61.83963000557667
414 265.07962 55.577358 1200.0 1.0 -18.109110070386123 52.76960551843774
415 266.7948 45.019573 1200.0 1.0 -18.118660273846817 66.58324118692164
416 109.827621 51.292465 1200.0 1.0 -18.120280142623468 73.94019960513893
417 270.509796 55.594055 1200.0 1.0 -18.123403623249764 54.5252595667658
418 113.446075 65.445992 1200.0 1.0 -18.125422108633686 64.82860463040431
419 259.885315 72.187622 1200.0 1.0 -18.127163808378 32.85220539065429
420 115.688507 66.258369 1200.0 1.0 -18.129812408352944 65.49523809114919
421 268.9247992 54.3801995 1200.0 1.0 -18.130248396779116 7.128322389605689
422 106.005058 50.680214 1200.0 1.0 -18.13167428786274 68.97875957172302
423 271.255 20.03989 1200.0 1.0 -18.132821178770236 45.49004874558925
424 267.8789882 55.0581917 1200.0 1.0 -18.13390108678666 2.433130550591894
425 261.656403 67.959602 1200.0 1.0 -18.137282245408734 30.375787334419645
426 267.9507112 59.6410426 1200.0 1.0 -18.137489324701104 20.14748080691258
427 269.529022 21.27212 1200.0 1.0 -18.138540111209416 70.33799209272689
428 104.656799 45.210609 1200.0 1.0 -18.142112113914784 70.75278684225127
429 267.1352293 62.43014300000001 1200.0 1.0 -18.144894671930743 24.957261610807315
430 272.878265 21.019894 1200.0 1.0 -18.147290193619618 60.381876276709875
431 266.017426 50.55479 1200.0 1.0 -18.14777513119317 57.60449037757854
432 267.780853 65.530777 1200.0 1.0 -18.149366641050648 50.28793897164626
433 270.764771 28.995756 1200.0 1.0 -18.15008676755716 24.223273093372192
434 263.302551 70.774879 1200.0 1.0 -18.16193469516194 42.46721960522386
435 268.451965 51.685844 1200.0 1.0 -18.161979922898364 2.1952743286838543
436 269.211609 28.080606 1200.0 1.0 -18.16451295834129 63.70103263141288
437 273.154205 25.536766 1200.0 1.0 -18.164940862212475 66.2748634497445
438 267.700348 62.860992 1200.0 1.0 -18.166547501862816 37.35349661703992
439 271.102814 47.595837 1200.0 1.0 -18.17091690227003 35.633302670915235
440 268.820129 62.669891 1200.0 1.0 -18.17913894090836 59.51621877231473
441 267.7335008 59.597220400000005 1200.0 1.0 -18.18290004700544 12.89617819168069
442 269.282288 43.763851 1200.0 1.0 -18.18622734672578 4.882571482518591
443 107.058189 46.115822 1200.0 1.0 -18.189901949820396 73.7561398552703
444 263.075562 60.077698 1200.0 1.0 -18.194418946839818 56.35865280671941
445 268.2188039 50.9798235 1200.0 1.0 -18.1956212476088 6.288976097014451
446 270.103699 45.616795 1200.0 1.0 -18.19817711239847 2.5092975984232506
447 261.8278665 67.3188682 1200.0 1.0 -18.19946055143899 31.214035081427227
448 268.83606430000003 54.7203413 1200.0 1.0 -18.202384595746608 8.688862289173073
449 265.169861 51.181118 1200.0 1.0 -18.20278814807496 64.74422473674383
450 269.468282 51.15606210000001 1200.0 1.0 -18.202915108267433 4.120131655950312
451 267.1321289 66.5982682 1200.0 1.0 -18.210602567154098 45.76184127701127
452 116.870926 60.933582 1200.0 1.0 -18.210688899494055 74.52115093957485
453 272.688568 25.205515 1200.0 1.0 -18.212218899133166 55.27361585388656
454 272.642 21.2196 1200.0 1.0 -18.21284444484687 60.37580119761332
455 266.566406 55.840012 1200.0 1.0 -18.21299938841261 25.271192909809947
456 263.198608 72.153893 1200.0 1.0 -18.216449408182573 48.35728432145836
457 115.11039 69.05864 1200.0 1.0 -18.219884577162436 65.23716326654386
458 254.667084 68.785561 1200.0 1.0 -18.220310494657497 65.50361953333582
459 267.4461952 60.2638828 1200.0 1.0 -18.22222441436302 12.086794886811585
460 270.500366 24.024704 1200.0 1.0 -18.226134367582844 46.250465439454416
461 273.328339 33.830112 1200.0 1.0 -18.228251969819368 72.53417955732145
462 113.233551 64.992508 1200.0 1.0 -18.22951659408432 64.9252592067579
463 272.190002 11.829319 1200.0 1.0 -18.22991344923065 60.14837421738404
464 265.78772 67.541656 1200.0 1.0 -18.230530247003845 42.12639216419367
465 270.029053 49.545784 1200.0 1.0 -18.232058944828154 16.608066755806007
466 257.745514 69.605179 1200.0 1.0 -18.232633104941307 50.15975918237013
467 273.179962 18.640816 1200.0 1.0 -18.235008476275777 66.59657651799301
468 269.938965 48.049969 1200.0 1.0 -18.23674174883242 3.4054286894222603
469 270.690582 26.236877 1200.0 1.0 -18.237081755230204 35.724429026729204
470 107.34623 48.635544 1200.0 1.0 -18.241138590697947 71.4149673538113
471 265.349579 65.84346 1200.0 1.0 -18.241227526740253 25.32453567875155
472 265.207397 56.514839 1200.0 1.0 -18.245522284972747 42.52823425931639
473 261.968628 60.09742 1200.0 1.0 -18.246845549937426 66.28783855786499
474 270.7231025 29.5655717 1200.0 1.0 -18.25048050259887 24.78980500515686
475 273.225555 20.673046 1200.0 1.0 -18.250740653556807 66.37165820271629
476 264.091217 68.628426 1200.0 1.0 -18.254389455952847 31.95277209817441
477 271.95697 15.307151 1200.0 1.0 -18.25526387134584 53.67797040670247
478 266.264374 55.664181 1200.0 1.0 -18.257918816293493 25.268523599406727
479 257.60788 69.938049 1200.0 1.0 -18.267321075151337 49.78509278667631
480 253.718765 70.438011 1200.0 1.0 -18.2715028744404 62.98404217817741
481 106.495995 50.755844 1200.0 1.0 -18.274317385653873 69.22956176564473
482 256.459747 69.848755 1200.0 1.0 -18.27532243671216 55.749140635209024
483 107.046013 50.681965 1200.0 1.0 -18.277207864532308 69.22849755308772
484 269.307312 62.750557 1200.0 1.0 -18.27991718528698 59.51175991803343
485 267.145447 63.73925 1200.0 1.0 -18.28056421765248 32.01816113218931
486 265.632263 67.592239 1200.0 1.0 -18.281348180608482 43.12689034428262
487 269.146179 62.616943 1200.0 1.0 -18.28320296749267 59.5085750221182
488 263.133 69.33375 1200.0 1.0 -18.28469186434858 29.524173509879013
489 271.08954500000004 34.02828770000001 1200.0 1.0 -18.28513651453451 16.07383895079837
490 269.940552 62.781647 1200.0 1.0 -18.286293274592197 59.50921200130125
491 266.7113505 50.9356214 1200.0 1.0 -18.291720554530524 41.41825860688346
492 266.4965255 55.5187027 1200.0 1.0 -18.295546018423753 25.901288920626207
493 269.26364049999995 52.837499300000005 1200.0 1.0 -18.297683617043923 5.552306465239773
494 271.2777139 29.6072512 1200.0 1.0 -18.297997154524406 23.40087276765654
495 264.373646 62.28714599999999 1200.0 1.0 -18.300096382304478 25.523797353448902
496 271.947418 24.039654 1200.0 1.0 -18.300556194548342 42.26576283860188
497 106.241051 46.140579 1200.0 1.0 -18.301392502398585 71.77745423916787
498 267.0786002 53.47394620000001 1200.0 1.0 -18.302745844831012 22.532355896873753
499 104.569641 45.056145 1200.0 1.0 -18.304282954177587 70.87931385888918
500 272.644897 28.936611 1200.0 1.0 -18.305211265004466 60.23124753873316
501 265.567139 50.488758 1200.0 1.0 -18.30588855323751 66.14700157122812
502 105.762 49.42398 1200.0 1.0 -18.30819493902766 69.69082502266613
503 263.060577 59.870762 1200.0 1.0 -18.313736542539797 57.31030036256692
504 249.223694 72.555862 1200.0 1.0 -18.31892126354393 65.46926057589157
505 264.201202 68.067001 1200.0 1.0 -18.323585849404 29.184379195079778
506 270.456604 44.985954 1200.0 1.0 -18.323886297096777 9.568867864130462
507 267.3584935 62.9140156 1200.0 1.0 -18.331045145714842 26.767255314361442
508 263.650757 58.476063 1200.0 1.0 -18.331329384234408 61.04104043253326
509 270.029 44.4943 1200.0 1.0 -18.332691753174693 1.6668702311408692
510 268.4938962 43.6291624 1200.0 1.0 -18.332948176023905 36.763308029026064
511 264.498 58.68829 1200.0 1.0 -18.33586715401526 44.14469187421049
512 267.979614 52.847172 1200.0 1.0 -18.339539356920227 2.883318292403468
513 258.9012469 68.74639599999999 1200.0 1.0 -18.352032392577765 46.8296128668839
514 260.241547 64.272629 1200.0 1.0 -18.35447773572671 58.03089550519053
515 103.898773 39.764626 1200.0 1.0 -18.358473848164977 73.44647880662166
516 265.591309 67.534477 1200.0 1.0 -18.37174578942841 42.12639216419367
517 268.880768 28.827803 1200.0 1.0 -18.372580390539746 69.1461696690919
518 271.562714 45.113918 1200.0 1.0 -18.373600681904108 49.027623549778966
519 257.043 63.63102 1200.0 1.0 -18.377285267733356 77.46675284573887
520 268.5856102 42.4503536 1200.0 1.0 -18.38566070864251 28.958927428710947
521 113.781639 65.009155 1200.0 1.0 -18.39023289085641 64.82945262709919
522 268.75613880000003 46.4776071 1200.0 1.0 -18.391511412809287 10.510137922215238
523 262.203827 58.850914 1200.0 1.0 -18.392137418305133 68.10343436646117
524 264.2110662 68.0129478 1200.0 1.0 -18.394010374341022 29.184379195079778
525 272.973694 21.565397 1200.0 1.0 -18.398178991709493 60.177275242282214
526 104.415276 39.087311 1200.0 1.0 -18.4009818224296 73.44724972379288
527 264.08136 59.167351 1200.0 1.0 -18.407258265557747 42.464004887286286
528 256.11087 70.289955 1200.0 1.0 -18.40843718564789 53.30923559127184
529 259.9744925 69.6094486 1200.0 1.0 -18.410040462017598 33.92854303964496
530 268.8640576 53.5254491 1200.0 1.0 -18.410282580292787 4.21336787520434
531 268.8926432 54.122016 1200.0 1.0 -18.411034026684852 6.312448630912117
532 263.404358 70.842728 1200.0 1.0 -18.413842232555155 42.46721960522386
533 267.285736 53.920464 1200.0 1.0 -18.419003769661625 12.557449897486405
534 108.39402 50.725945 1200.0 1.0 -18.42096145965147 71.31271007738496
535 264.429565 68.078705 1200.0 1.0 -18.42684499909226 29.191638877260118
536 266.4851597 61.6576486 1200.0 1.0 -18.435302661400993 12.525919389283732
537 268.037323 52.650768 1200.0 1.0 -18.435431598188696 3.0000518621473766
538 269.121887 65.213341 1200.0 1.0 -18.44359048639088 67.93158776184568
539 270.0181705 53.6651818 1200.0 1.0 -18.445338712778593 36.8160304146501
540 239.377 70.68904 1200.0 1.0 -18.453208191991525 75.93404975461733
541 262.996674 59.971577 1200.0 1.0 -18.459809424326284 56.36018670800303
542 115.979698 62.07159 1200.0 1.0 -18.46027677096767 71.22485473704535
543 105.426598 47.551575 1200.0 1.0 -18.46055959923452 70.22531222262037
544 107.46476 58.770634 1200.0 1.0 -18.461296142847296 67.98601307901818
545 262.2919192 64.74290690000001 1200.0 1.0 -18.462012062834965 35.82743387021884
546 266.160858 56.496048 1200.0 1.0 -18.464462705888806 22.990079357285527
547 266.402832 66.382454 1200.0 1.0 -18.46522843208002 35.515376406834974
548 263.407104 59.497749 1200.0 1.0 -18.465313125121007 58.19233668085574
549 266.877302 50.1548542 1200.0 1.0 -18.46851130144959 44.716349050459236
550 95.460419 0.366161 1200.0 1.0 -18.469331004271105 75.54917936148671
551 268.192841 45.979736 1200.0 1.0 -18.4711046421154 27.166019943885217
552 115.200859 65.557785 1200.0 1.0 -18.474069419433526 65.5879424376347
553 263.439056 56.708595 1200.0 1.0 -18.474467404504566 64.04129805944213
554 271.5803164 40.4860296 1200.0 1.0 -18.483675366129965 37.10537884272874
555 266.228546 66.31971 1200.0 1.0 -18.49050664615978 35.515376406834974
556 270.691711 57.134785 1200.0 1.0 -18.490654546228754 59.99052734058993
557 263.6946942 64.0573081 1200.0 1.0 -18.490685832557627 22.706524724443497
558 266.5632216 63.3848063 1200.0 1.0 -18.490973577037074 21.19274406709321
559 263.3842048 63.4968591 1200.0 1.0 -18.491091199693265 31.181811057640473
560 269.33315550000003 57.2692964 1200.0 1.0 -18.491449587483004 30.080159175196012
561 263.412415 59.581085 1200.0 1.0 -18.492331745697292 58.185466015305465
562 268.168976 44.982517 1200.0 1.0 -18.50676044402975 31.429779962194537
563 268.5161032 53.49036120000001 1200.0 1.0 -18.5108675775655 1.4322536766663607
564 267.313629 67.33683 1200.0 1.0 -18.511933742098215 62.03111109018493
565 107.643 50.11871 1200.0 1.0 -18.51343119836167 70.27029618969327
566 261.355621 68.839432 1200.0 1.0 -18.515619837449236 29.66321967280591
567 263.466095 59.93832 1200.0 1.0 -18.51563622249852 47.970454987606566
568 262.129272 70.7481 1200.0 1.0 -18.51820008794908 30.67619547280772
569 267.9638857 51.9245965 1200.0 1.0 -18.519796088588436 8.319825918218998
570 271.247711 45.464874 1200.0 1.0 -18.520984235478025 39.39442650702733
571 271.3536864 46.994007200000006 1200.0 1.0 -18.522960967841442 45.21868940511299
572 269.28484060000005 54.1495272 1200.0 1.0 -18.52757915194114 11.218473935087674
573 266.4970226 62.9949287 1200.0 1.0 -18.52768933284809 19.3370164825237
574 266.9880076 57.5504446 1200.0 1.0 -18.527895153980616 6.402357576237111
575 261.336304 60.020252 1200.0 1.0 -18.527977314323373 66.28931946953179
576 264.239 56.72383 1200.0 1.0 -18.534346792831396 55.09114005281705
577 261.0729922 67.9143566 1200.0 1.0 -18.53527961426626 30.37107371721196
578 107.890289 50.248421 1200.0 1.0 -18.542911562120004 71.33057341492024
579 269.17525710000007 46.2287455 1200.0 1.0 -18.546117137687624 2.6863100844914456
580 268.3108011 46.3066658 1200.0 1.0 -18.55403375462637 25.642929632286616
581 262.77774 59.966682 1200.0 1.0 -18.554776012113038 56.35788585607761
582 263.0672847 66.4539272 1200.0 1.0 -18.55486885019836 21.948193322296635
583 270.91275 29.097786 1200.0 1.0 -18.558605407505894 24.22601746689954
584 268.49118 64.141014 1200.0 1.0 -18.558692927714446 53.247594557404845
585 267.9248457 62.892061 1200.0 1.0 -18.562056715472096 37.35924184414853
586 265.13406519999995 59.3454741 1200.0 1.0 -18.563020852693114 23.798760273536303
587 237.770721 67.158707 1200.0 1.0 -18.56714062453456 77.05131750652828
588 260.686401 63.045044 1200.0 1.0 -18.56850098945571 60.67904537978097
589 268.326538 63.088264 1200.0 1.0 -18.570260756423874 48.56431529188136
590 109.846687 57.602348 1200.0 1.0 -18.571625864493626 68.22589719208429
591 273.112061 25.427046 1200.0 1.0 -18.57547001898135 66.27820222614845
592 105.496 51.11038 1200.0 1.0 -18.577012930539986 69.58222882420954
593 269.227875 62.595787 1200.0 1.0 -18.577297236429956 59.5085750221182
594 265.8778997 66.550803 1200.0 1.0 -18.58205461051767 37.290272285378634
595 116.171989 73.821129 1200.0 1.0 -18.582621126232233 72.29580672081521
596 272.967133 21.500954 1200.0 1.0 -18.58565537333967 66.30375361386578
597 117.948174 71.026688 1200.0 1.0 -18.586828683052182 63.07256544800973
598 270.5036829 31.2985728 1200.0 1.0 -18.588569918711293 21.61731685731826
599 267.6583991 54.01576899999999 1200.0 1.0 -18.59022211506778 7.887716006713544
600 111.250084 49.492313 1200.0 1.0 -18.593371587999428 76.6256663811672
601 268.3264093 50.6826425 1200.0 1.0 -18.59651462051793 3.0955631291669077
602 271.73645 38.919792 1200.0 1.0 -18.59675991753945 39.875232196297716
603 258.32251 72.337692 1200.0 1.0 -18.59690852370256 33.572644170462326
604 263.150482 56.845177 1200.0 1.0 -18.59814301956338 63.34577912863087
605 263.150482 56.845177 1200.0 1.0 -18.59814301956338 63.34577912863087
606 273.514648 22.283766 1200.0 1.0 -18.59903295297277 70.7974858126846
607 273.113 25.4272 1200.0 1.0 -18.60111961428712 66.27820222614845
608 266.562012 66.852684 1200.0 1.0 -18.60329519932422 47.47220069576809
609 261.1553379 68.9212925 1200.0 1.0 -18.606861558447825 29.596141580765256
610 268.226624 62.621037 1200.0 1.0 -18.609293509708465 46.96697347379928
611 267.594452 61.559303 1200.0 1.0 -18.61495312506424 20.183635806378483
612 267.516907 42.43475 1200.0 1.0 -18.61687785915779 60.396443432939115
613 272.246155 28.260729 1200.0 1.0 -18.631143356086575 48.56059008254925
614 115.008553 68.377777 1200.0 1.0 -18.634018952612415 64.04768554716121
615 263.408325 72.970177 1200.0 1.0 -18.637282924051256 57.54819691093076
616 108.212448 55.946194 1200.0 1.0 -18.639481196199334 67.8104178092863
617 270.9425635 47.3896799 1200.0 1.0 -18.64275155258071 34.89050310534131
618 256.1133176 72.0546007 1200.0 1.0 -18.644498482094463 45.92824945767152
619 271.25412 56.262943 1200.0 1.0 -18.64702075605394 67.94697175159563
620 268.245483 47.750839 1200.0 1.0 -18.648323326734 20.324925282911092
621 268.466064 58.804268 1200.0 1.0 -18.648676993825326 26.93901597165499
622 265.6151086 66.7554715 1200.0 1.0 -18.655233385515032 28.771472341115796
623 262.686615 56.35181 1200.0 1.0 -18.65654466130298 71.70539033577282
624 261.445282 59.615356 1200.0 1.0 -18.657889170483948 66.99990830280747
625 107.642159 50.118923 1200.0 1.0 -18.66108089631436 70.27029618969327
626 267.437805 48.459488 1200.0 1.0 -18.661115285766257 40.77178610921376
627 245.139542 73.865639 1200.0 1.0 -18.666649853378473 73.1110534875929
628 115.152054 69.797821 1200.0 1.0 -18.66921402096299 64.78393678241576
629 261.98288 59.967152 1200.0 1.0 -18.672566272746998 66.2908003811986
630 269.2520698 51.7973774 1200.0 1.0 -18.674805143093046 2.8791391903241434
631 272.944427 24.951553 1200.0 1.0 -18.678185256119015 59.72329615492511
632 265.952271 48.040897 1200.0 1.0 -18.682051477637337 70.34432391307254
633 271.0739134 44.240738 1200.0 1.0 -18.68563270440457 23.316818334700535
634 259.216248 69.405136 1200.0 1.0 -18.6881732131339 39.44963655189312
635 268.0436937 61.1116667 1200.0 1.0 -18.68991404846414 26.946691780761444
636 104.398499 45.372738 1200.0 1.0 -18.690801862330723 70.75147948451213
637 131.395905 72.998901 1200.0 1.0 -18.691662973587846 71.2349675105441
638 112.218292 63.388962 1200.0 1.0 -18.693304111021796 65.41388726173415
639 257.752594 73.602386 1200.0 1.0 -18.697267549506215 34.71556560961295
640 104.510002 44.153645 1200.0 1.0 -18.700623216133963 71.80636211460953
641 261.841217 59.64386 1200.0 1.0 -18.702854471551145 66.99956097797788
642 107.923 49.86212 1200.0 1.0 -18.703181382860308 71.35958602090881
643 259.401611 68.72345 1200.0 1.0 -18.70455679510837 40.902869251042254
644 262.676331 56.639317 1200.0 1.0 -18.70567479736248 70.97880524003101
645 264.912292 56.815804 1200.0 1.0 -18.705698515487995 49.32697981996198
646 265.400787 59.58461 1200.0 1.0 -18.708186736655 23.807063605891862
647 258.063843 71.927124 1200.0 1.0 -18.71278680542024 36.733986282058964
648 268.32605930000005 51.4691796 1200.0 1.0 -18.712849618685745 2.3653071031581887
649 269.772149 47.1088723 1200.0 1.0 -18.71312024711766 0.6164409226226327
650 265.692108 56.038532 1200.0 1.0 -18.714394086172447 34.474794446661676
651 265.369415 68.958374 1200.0 1.0 -18.714669083437663 49.25859628734459
652 271.368225 54.018192 1200.0 1.0 -18.717763261812138 62.074192209350876
653 268.69983219999995 62.7058072 1200.0 1.0 -18.71782877105744 46.96831551367618
654 270.1148261 51.7976684 1200.0 1.0 -18.719073292651952 28.01746318171282
655 268.857727 56.959721 1200.0 1.0 -18.71931218999984 19.2422340860836
656 241.641342 72.4944 1200.0 1.0 -18.71991105458676 75.8715041896541
657 263.782471 67.771408 1200.0 1.0 -18.720596007793148 23.654615862114483
658 265.068359 51.056934 1200.0 1.0 -18.72273983867447 64.74379694790177
659 261.464111 60.194244 1200.0 1.0 -18.728563355335382 65.6562046130878
660 193.579 27.06768 1200.0 1.0 -18.731573882583195 85.78337970157914
661 272.964 14.98127 1200.0 1.0 -18.73194449724646 67.47710810386461
662 269.7808762 45.7650627 1200.0 1.0 -18.73403060289059 0.2532427241472203
663 269.968903 59.497242 1200.0 1.0 -18.734312488869733 52.16571030683566
664 268.174 29.83866 1200.0 1.0 -18.73818171517795 80.87840925806401
665 104.758255 45.444244 1200.0 1.0 -18.738367090596967 70.75235105633823
666 107.040192 48.929462 1200.0 1.0 -18.739614582467063 70.42690254425035
667 267.6378758 62.63406260000001 1200.0 1.0 -18.740809284171185 36.35997154137138
668 258.14209 72.330093 1200.0 1.0 -18.74218715610852 33.568327300091674
669 267.0415529 64.3151175 1200.0 1.0 -18.74328551034869 35.12626530532986
670 266.04036940000003 66.9278654 1200.0 1.0 -18.745556276922997 39.0954939774539
671 262.485779 58.397556 1200.0 1.0 -18.747240764253437 69.0577068887187
672 109.043152 56.82309 1200.0 1.0 -18.749376264178352 67.58244046573786
673 266.0032514 59.4485409 1200.0 1.0 -18.752810631690505 13.467246392083187
674 269.464 23.87047 1200.0 1.0 -18.75328191457827 65.80380025269578
675 107.866577 48.240078 1200.0 1.0 -18.75394931510693 73.80890977714348
676 265.5039503 65.6063682 1200.0 1.0 -18.75418626346604 24.526600798830497
677 272.2566152 28.0735077 1200.0 1.0 -18.754832646919276 48.554380342305734
678 267.77880600000003 45.5401676 1200.0 1.0 -18.755129337174083 40.055261356441584
679 269.4842271 45.0961083 1200.0 1.0 -18.761206865357302 0.8919841568077418
680 271.022552 53.02673 1200.0 1.0 -18.764258595005423 58.361725644112894
681 267.3734251 52.0288207 1200.0 1.0 -18.764387075623958 18.558783109989474
682 270.442719 48.535854 1200.0 1.0 -18.766103905532454 26.389985245996073
683 268.1258775 59.86421850000001 1200.0 1.0 -18.76705469093074 21.05120018487295
684 262.09903 57.545223 1200.0 1.0 -18.768458704865118 69.76478666259823
685 254.874207 71.968407 1200.0 1.0 -18.76859610563846 50.39367167499357
686 260.564819 68.35025 1200.0 1.0 -18.769172207555684 35.63533069600764
687 269.008911 62.303856 1200.0 1.0 -18.77185381813744 57.876245062795064
688 105.761887 49.424339 1200.0 1.0 -18.773825050039676 69.69082502266613
689 262.468445 56.826172 1200.0 1.0 -18.77519624656133 70.97693186529257
690 254.6548116 73.3481523 1200.0 1.0 -18.775505144261643 43.95402306166545
691 127.27339750000002 73.6290202 1200.0 1.0 -18.776230297016028 64.94879238757444
692 267.171021 58.404613 1200.0 1.0 -18.777147931290294 5.750160934911543
693 270.2436211 48.5713338 1200.0 1.0 -18.777725630998255 15.41791038256281
694 259.7789 65.732246 1200.0 1.0 -18.778984879022254 52.64105223359539
695 115.235687 69.131432 1200.0 1.0 -18.77917546003036 64.98443839463562
696 267.0598203 62.3313252 1200.0 1.0 -18.78502800572756 23.970130911129008
697 267.879669 40.324162 1200.0 1.0 -18.786244851608988 59.04611385391105
698 266.202606 55.705486 1200.0 1.0 -18.786759463684387 25.268523599406727
699 272.405792 33.665569 1200.0 1.0 -18.78895033171682 54.02231486994532
700 266.043579 57.987705 1200.0 1.0 -18.789464712337328 18.353936093904373
701 266.0832418 67.1249147 1200.0 1.0 -18.792829346146632 40.06570402969637
702 273.132965 25.435379 1200.0 1.0 -18.79292086665977 66.27820222614845
703 269.804871 44.095688 1200.0 1.0 -18.79416078697464 0.9229517707024765
704 270.180023 28.711864 1200.0 1.0 -18.796506635393715 40.367045875531616
705 263.2964182 62.897924200000006 1200.0 1.0 -18.797203256835434 32.072145416435866
706 272.950104 21.428177 1200.0 1.0 -18.797724515856743 66.30375361386578
707 116.52356 69.476608 1200.0 1.0 -18.79958466564671 63.644830322221715
708 262.865845 56.739548 1200.0 1.0 -18.80120574131238 70.97963785102587
709 265.3501652 57.5008611 1200.0 1.0 -18.801470573115658 39.39799162119794
710 273.44 14.91174 1200.0 1.0 -18.807461656376795 70.99729170183278
711 112.135674 57.746105 1200.0 1.0 -18.809049433326592 71.08296985240575
712 268.845551 62.658234 1200.0 1.0 -18.809988312984764 59.51621877231473
713 270.017365 44.527313 1200.0 1.0 -18.812836034825594 1.6668702311408692
714 107.219742 48.450062 1200.0 1.0 -18.81287657011587 71.41397489249252
715 121.465836 72.523567 1200.0 1.0 -18.816613935720948 62.53469656707379
716 272.0495 11.712217 1200.0 1.0 -18.820223612630542 60.14652690459547
717 263.525208 56.799702 1200.0 1.0 -18.822034017191186 64.03947259583133
718 242.795868 61.267929 1200.0 1.0 -18.82738418646762 77.51218175466195
719 267.089691 58.494873 1200.0 1.0 -18.828251027996345 6.417979203449116
720 261.0114308 71.044896 1200.0 1.0 -18.82953109838065 29.76364732315675
721 261.009995 73.8146464 1200.0 1.0 -18.83451109047144 49.03613255900699
722 266.82663 45.707909 1200.0 1.0 -18.836650703732687 65.85683943493196
723 264.64511580000004 70.39117370000001 1200.0 1.0 -18.837052498750218 47.37501500723438
724 268.444977 50.837231 1200.0 1.0 -18.83987587699164 3.0042122670165083
725 253.434448 70.53537 1200.0 1.0 -18.840206385922755 62.977089327073735
726 260.433228 69.818611 1200.0 1.0 -18.842742427320587 29.473707378884097
727 268.761963 28.514761 1200.0 1.0 -18.8436845082558 69.148588067184
728 107.164055 61.305271 1200.0 1.0 -18.84747574431006 71.9136905846793
729 260.266113 63.075783 1200.0 1.0 -18.852999275600293 60.676683445827884
730 271.30778619999995 27.4011212 1200.0 1.0 -18.855354101266446 28.898134100695028
731 115.585167 64.942513 1200.0 1.0 -18.86134444570287 67.49008188702388
732 107.742912 49.022755 1200.0 1.0 -18.862628278846685 71.39409228492629
733 268.894766 54.30495620000001 1200.0 1.0 -18.865684453055973 7.128322389605689
734 267.5660838 54.27632560000001 1200.0 1.0 -18.86731039047718 7.317243632886375
735 271.483942 39.072953000000005 1200.0 1.0 -18.867756958773036 34.487396443123906
736 273.02887 25.595345 1200.0 1.0 -18.871141300697875 59.70942372953034
737 125.360741 71.863358 1200.0 1.0 -18.87187487058855 67.21452555781488
738 268.0498531 45.0937079 1200.0 1.0 -18.872030379738426 42.30615545965241
739 258.330475 67.468903 1200.0 1.0 -18.876207104886348 53.87514890471968
740 107.142479 50.631428 1200.0 1.0 -18.876258763888046 70.26721661552729
741 268.954888 59.3300311 1200.0 1.0 -18.877376794460773 41.947084082040526
742 265.557098 67.484215 1200.0 1.0 -18.878625354992757 32.73767810664471
743 255.90381980000004 70.4256795 1200.0 1.0 -18.87960075574177 53.06266711520985
744 269.14379130000003 36.2130904 1200.0 1.0 -18.88024436954785 45.981611152132004
745 270.81936 46.21983 1200.0 1.0 -18.880532177631657 30.04454532461954
746 106.783951 50.393013 1200.0 1.0 -18.881295800780148 69.37921039172794
747 273.504883 21.509779 1200.0 1.0 -18.883230887356675 70.79186533961463
748 133.414856 72.948135 1200.0 1.0 -18.885610259749377 74.52953743202984
749 271.076599 29.73217 1200.0 1.0 -18.885822862739552 21.658007340481365
750 264.2697277 69.4118114 1200.0 1.0 -18.88772261501723 35.4277107400394
751 114.923012 64.486069 1200.0 1.0 -18.889207438179373 67.53822376772995
752 116.764725 65.222542 1200.0 1.0 -18.893182602473498 69.33147047018976
753 119.339088 66.437096 1200.0 1.0 -18.895822024828583 69.33754349727201
754 195.278168 39.841393 1200.0 1.0 -18.89906766761414 78.24646165291934
755 253.1711045 71.2110669 1200.0 1.0 -18.899746724535007 61.58433997621371
756 267.15373650000004 53.1362216 1200.0 1.0 -18.900631896571213 23.15654131505407
757 121.545471 73.329933 1200.0 1.0 -18.90147724981602 62.82557447670649
758 107.295998 43.697323 1200.0 1.0 -18.90304839083401 73.68347040993147
759 269.61614910000003 40.87042329999999 1200.0 1.0 -18.903274261693376 8.111854875096201
760 273.076874 25.662315 1200.0 1.0 -18.903878843483433 59.70942372953034
761 269.035675 64.283592 1200.0 1.0 -18.90444989134946 64.64254573620794
762 239.375595 70.68911 1200.0 1.0 -18.908915186113305 75.93404975461733
763 195.233734 27.790779 1200.0 1.0 -18.90991441716696 85.46553436822309
764 200.793777 43.086334 1200.0 1.0 -18.910086832525174 77.77807911120415
765 268.83136 28.678909 1200.0 1.0 -18.919676317261363 69.14563224729366
766 271.019287 22.037294 1200.0 1.0 -18.919935886775868 44.72521824353376
767 262.9785712 72.1999836 1200.0 1.0 -18.92226144983645 48.354778605174054
768 263.5365742 67.0346649 1200.0 1.0 -18.924200078003224 22.196678790509235
769 267.909576 40.419991 1200.0 1.0 -18.928307387469058 59.04220303719225
770 265.070129 51.029434 1200.0 1.0 -18.93040771154186 64.74379694790177
771 268.1449729 65.1523828 1200.0 1.0 -18.937700071556833 56.21871823754409
772 269.010895 62.61636 1200.0 1.0 -18.939370685663963 59.51303387639951
773 265.59448540000005 62.7059281 1200.0 1.0 -18.9396579998825 13.263832451568561
774 266.9280301 66.8851714 1200.0 1.0 -18.943911642092225 47.47089130618901
775 269.954224 28.873016 1200.0 1.0 -18.944761731380808 45.18527845085
776 269.8199522 40.914528 1200.0 1.0 -18.945660694092233 4.334814513846448
777 264.335 60.42691 1200.0 1.0 -18.948518753956023 38.976522321637376
778 108.651726 54.926388 1200.0 1.0 -18.954797010549544 68.46405170297031
779 103.80925 40.960762 1200.0 1.0 -18.954902920093627 72.85053000137725
780 265.010559 58.465748 1200.0 1.0 -18.96473089280679 35.96794907403877
781 268.833893 44.549427 1200.0 1.0 -18.96840188641692 21.62894597634873
782 114.27 64.55286 1200.0 1.0 -18.970734527198424 65.7777636100896
783 108.409088 50.031231 1200.0 1.0 -18.97171199228933 71.33077388362797
784 192.747986 47.671421 1200.0 1.0 -18.972850362994787 78.41556173591802
785 106.626175 46.137486 1200.0 1.0 -18.97453318703296 71.77842565909847
786 252.7372242 72.9028868 1200.0 1.0 -18.97918540748649 53.00379089319072
787 269.6957731 39.8379843 1200.0 1.0 -18.979345906928224 9.900408799546593
788 186.252045 28.558516 1200.0 1.0 -18.981965467626363 86.79404376742454
789 268.9550663 54.2186375 1200.0 1.0 -18.9843675643619 6.70231090299584
790 112.202911 64.270081 1200.0 1.0 -18.986020531920076 65.2161774377401
791 273.198486 25.412336 1200.0 1.0 -18.986564026249678 66.27634735036848
792 109.288406 64.689087 1200.0 1.0 -18.986965191303952 70.36117371150272
793 107.306213 46.09816 1200.0 1.0 -18.9878219288588 73.75955290148805
794 262.156 57.14508 1200.0 1.0 -18.988102191179035 70.25914360689248
795 108.233307 49.764603 1200.0 1.0 -18.98871543449328 71.32957107138157
796 270.96173880000003 36.3030012 1200.0 1.0 -18.989330407957596 12.532927330023597
797 266.5145253 62.9874199 1200.0 1.0 -18.990156910054786 19.3370164825237
798 106.667496 48.490585 1200.0 1.0 -18.992599390859173 70.47105392257457
799 261.381012 59.550373 1200.0 1.0 -18.992694869155038 66.99990830280747
800 263.5554225 64.3521706 1200.0 1.0 -18.994039821752715 22.498024350831187
801 259.367279 66.159576 1200.0 1.0 -18.99525663344297 56.48337536910485
802 253.665512 72.650642 1200.0 1.0 -18.99543039206344 53.49736772964425
803 269.678284 62.728584 1200.0 1.0 -18.99701584335412 59.5143078347656
804 106.998055 48.666126 1200.0 1.0 -18.99718589319722 70.42759617411546
805 265.235352 52.832256 1200.0 1.0 -18.997516643749346 61.6179326200596
806 265.515 55.94438 1200.0 1.0 -18.999440999280612 44.3159933696272
807 264.2998733 59.8332061 1200.0 1.0 -18.99978840614132 40.7257329012199
808 113.25312 60.882656 1200.0 1.0 -19.000916625958936 69.46378799538124
809 268.9430037 49.105298100000006 1200.0 1.0 -19.00163357671436 1.182950050706183
810 264.489502 60.883583 1200.0 1.0 -19.00215578474058 28.593108220006368
811 106.884712 48.899979 1200.0 1.0 -19.002819784734413 70.4271337542054
812 266.37222740000004 50.64552379999999 1200.0 1.0 -19.003268102729308 51.14179065207188
813 238.119156 70.375145 1200.0 1.0 -19.00439197888158 75.7676299526752
814 269.64573010000004 32.7504632 1200.0 1.0 -19.005683636827783 42.45275237033005
815 264.31872930000003 71.1457902 1200.0 1.0 -19.00779276001125 50.59888891830876
816 271.53394280000003 45.76002 1200.0 1.0 -19.008101946566264 50.68960435385635
817 118.381752 63.896927 1200.0 1.0 -19.00861278548412 74.69224817120912
818 244.074356 64.102448 1200.0 1.0 -19.01001746324588 76.9575865803139
819 117.985107 72.028168 1200.0 1.0 -19.0102077654436 63.667992756584745
820 270.554718 55.682091 1200.0 1.0 -19.014138706917578 54.87562201764183
821 269.0174066 55.0025874 1200.0 1.0 -19.016518051021173 9.871029498000304
822 270.335419 29.189857 1200.0 1.0 -19.01919603559653 33.75326839808645
823 263.2906214 64.2596806 1200.0 1.0 -19.019311218282276 29.428008882724644
824 268.663727 60.817867 1200.0 1.0 -19.019529438246046 37.378389091548726
825 272.804901 25.294512 1200.0 1.0 -19.02125596666278 59.70690134362704
826 266.0163035 59.9641157 1200.0 1.0 -19.02233648211673 13.02132376249005
827 269.5092336 38.42199829999999 1200.0 1.0 -19.022582379789185 24.692319242968853
828 107.831253 51.171902 1200.0 1.0 -19.02315886851059 70.23248060458566
829 267.8128661 50.9463966 1200.0 1.0 -19.026141788600473 20.207721896112844
830 269.834229 57.247314 1200.0 1.0 -19.028100649962305 42.183182067682104
831 268.894409 65.259346 1200.0 1.0 -19.029470949775792 67.93410087377508
832 269.2355805 51.16085 1200.0 1.0 -19.0298425787105 1.87417607856404
833 261.607819 58.588696 1200.0 1.0 -19.03164385365146 68.10466478672835
834 256.358307 69.150246 1200.0 1.0 -19.034585935880504 57.46790924906049
835 265.102 56.81578 1200.0 1.0 -19.034667377384487 41.31286774145904
836 262.689392 56.966812 1200.0 1.0 -19.037801347437796 70.63078321140078
837 270.528534 28.896391 1200.0 1.0 -19.039230187063524 29.86140133996446
838 254.1009132 72.35931240000001 1200.0 1.0 -19.040584978205484 49.744138306400174
839 271.931976 16.143789 1200.0 1.0 -19.040933514502196 52.95057224026385
840 109.016 64.71079 1200.0 1.0 -19.04399218073428 70.50997949629944
841 273.213226 25.511784 1200.0 1.0 -19.049142674210962 66.2748634497445
842 104.59623 35.840572 1200.0 1.0 -19.050822721551693 74.81719188456701
843 106.804131 44.816841 1200.0 1.0 -19.05172833034601 73.73001559090537
844 263.168518 67.633209 1200.0 1.0 -19.05661642552966 22.953305981761964
845 268.254456 47.6043883 1200.0 1.0 -19.0571623454924 21.13674888023071
846 258.264038 72.3246 1200.0 1.0 -19.057396740834456 33.568327300091674
847 268.718933 64.402008 1200.0 1.0 -19.059166487869312 65.80108253636722
848 102.737122 33.437637 1200.0 1.0 -19.060756118820393 77.4108357533777
849 268.379608 64.716606 1200.0 1.0 -19.064530649988548 54.75158662908045
850 251.935989 72.28688 1200.0 1.0 -19.065494500098012 59.46714815499314
851 238.282898 64.918068 1200.0 1.0 -19.065952052022325 77.20474948913598
852 260.681 62.17369 1200.0 1.0 -19.068768360671044 62.173759110663504
853 254.352188 68.457184 1200.0 1.0 -19.07543880889446 74.10795366641956
854 268.569916 29.042015 1200.0 1.0 -19.076407638900942 73.07241361893344
855 243.592377 63.261135 1200.0 1.0 -19.07677142782873 76.95883224958705
856 103.791939 41.002701 1200.0 1.0 -19.078091142368578 72.85053000137725
857 111.309853 53.446091 1200.0 1.0 -19.080811646228323 74.06117386605457
858 117.169685 66.31797 1200.0 1.0 -19.084192929783516 67.37532164100955
859 273.095886 21.600203 1200.0 1.0 -19.084922116642392 66.3022737625359
860 116.39801 65.75975 1200.0 1.0 -19.08531944363496 67.42633860632895
861 268.423248 45.561626 1200.0 1.0 -19.087653744713673 28.72266093137672
862 267.12062569999995 66.1324713 1200.0 1.0 -19.08805278163409 43.847592393961584
863 269.294342 27.961437 1200.0 1.0 -19.089292726872582 63.70150418826061
864 269.71764260000003 39.4130764 1200.0 1.0 -19.094089753643523 11.454933455404708
865 236.637146 72.169189 1200.0 1.0 -19.09472205445206 75.43707356381461
866 269.035767 62.569984 1200.0 1.0 -19.094728169743014 59.506664084569074
867 102.65937 45.967518 1200.0 1.0 -19.096963884169462 74.08417674562527
868 103.636 45.70406 1200.0 1.0 -19.097322171916197 74.08544553114143
869 266.6581875 63.2692845 1200.0 1.0 -19.097639079436377 20.315926139477504
870 263.4822028 66.1058997 1200.0 1.0 -19.099156786636783 21.74224761571777
871 272.594299 30.913382 1200.0 1.0 -19.09976544583351 60.77090725837881
872 239.282196 63.917454 1200.0 1.0 -19.102442335692288 79.38208592490062
873 267.760895 41.148258 1200.0 1.0 -19.10348897091496 64.34946573765131
874 258.943146 64.371155 1200.0 1.0 -19.10433892884851 66.10908472800091
875 261.853 58.51693 1200.0 1.0 -19.10499963757463 68.52879162230164
876 108.475456 50.398735 1200.0 1.0 -19.105992175959283 71.29342308298624
877 262.4631963 65.7284721 1200.0 1.0 -19.10619197218258 33.78325665011977
878 265.5723253 64.4932561 1200.0 1.0 -19.11129742635542 19.881446561298663
879 241.121857 69.665802 1200.0 1.0 -19.111441525513815 76.15991280068292
880 269.18 65.26269 1200.0 1.0 -19.111881375680134 67.93158776184568
881 266.7837113 68.8428739 1200.0 1.0 -19.112021299123022 54.64550297362242
882 261.1943874 71.79293559999999 1200.0 1.0 -19.112435486826875 34.83644197956638
883 269.6967074 45.0583615 1200.0 1.0 -19.113541795641744 0.37924928101585975
884 223.511887 73.13166 1200.0 1.0 -19.115569009349255 76.30729504110533
885 269.770691 58.896168 1200.0 1.0 -19.116133613963605 49.837685454184225
886 112.236725 56.196911 1200.0 1.0 -19.12121858643586 74.16862516037823
887 270.31512000000004 23.4205888 1200.0 1.0 -19.12124290847634 51.59490506274648
888 268.93457 62.715725 1200.0 1.0 -19.121685339632634 59.51621877231473
889 104.181076 48.90152 1200.0 1.0 -19.12246527770391 71.51498562883725
890 262.073914 60.015236 1200.0 1.0 -19.12408848958882 66.2908003811986
891 266.875153 45.696232 1200.0 1.0 -19.1260655737561 65.85683943493196
892 273.267212 28.43705 1200.0 1.0 -19.126132538475744 66.65427291046636
893 113.186447 65.06337 1200.0 1.0 -19.12688817715759 64.92441814472002
894 268.822754 66.54026 1200.0 1.0 -19.129162533647552 71.25496088596984
895 270.711609 14.102077 1200.0 1.0 -19.13410417438157 65.8956967205894
896 263.886749 60.813385 1200.0 1.0 -19.135955935511824 37.95200695470488
897 106.422508 48.358604 1200.0 1.0 -19.140432620363796 70.5136337328778
898 108.448441 50.257072 1200.0 1.0 -19.14110090027784 71.29281988760503
899 268.8720109 51.0895184 1200.0 1.0 -19.142303428976547 0.49132030501227936
900 110.577301 49.292419 1200.0 1.0 -19.142999635862942 76.5797386838048
901 118.573036 62.858883 1200.0 1.0 -19.143764206533213 74.67416738667792
902 268.715912 34.776207 1200.0 1.0 -19.144645707488387 62.615555894930274
903 183.372177 50.741467 1200.0 1.0 -19.145185215489608 83.7191156906596
