index RAJ2000 DEJ2000 exptime Nvis LogProb contour
0 123746.0 73.580307 1200.0 1.0 -28.32834666492848 84.54886187152172
1 123026.0 73.531982 1200.0 1.0 -28.360135610345942 84.54886187152172
2 246867.0 73.348076 1200.0 1.0 -28.529772616856185 84.54928090723185
3 123750.0 72.586609 1200.0 1.0 -28.556212733413723 77.533826962938
4 246868.0 73.180344 1200.0 1.0 -28.567464138453698 81.09495741307377
5 2207068.0 72.656433 1200.0 1.0 -29.116281099655097 77.53462034385976
6 217709.0 73.515221 1200.0 1.0 -29.139285697479675 81.0957918106186
7 2207070.0 72.945648 1200.0 1.0 -29.177231134078504 77.53309969709305
8 246869.0 71.952858 1200.0 1.0 -29.301998498435765 76.65666705143751
9 2207069.0 72.766739 1200.0 1.0 -29.33863569206006 77.53422365339887
10 274588.0 71.599922 1200.0 1.0 -29.341401847581604 76.66002081232828
11 272789.0 73.299713 1200.0 1.0 -29.369436425933877 81.09485311338067
12 246870.0 72.024529 1200.0 1.0 -29.403045933403703 76.66010465635055
13 123028.0 72.894218 1200.0 1.0 -29.40862321105098 81.09542676169274
14 272788.0 72.812553 1200.0 1.0 -29.40862321105098 81.09646975862378
15 62547.0 72.647621 1200.0 1.0 -29.448594387294584 81.09725200632207
16 123749.0 73.126068 1200.0 1.0 -29.45110696814806 81.094696663841
17 217710.0 72.971947 1200.0 1.0 -29.53164351583232 77.53309969709305
18 2134708.0 71.498894 1200.0 1.0 -29.543822591306025 76.65599629925936
19 265949.0 71.703583 1200.0 1.0 -29.58990104498725 76.65633167534843
20 260188.0 73.881439 1200.0 1.0 -29.605439152902612 84.54806570367246
21 272787.0 72.487862 1200.0 1.0 -29.60709656366059 77.53362861770755
22 201148.0 72.512054 1200.0 1.0 -29.62133482884163 77.53224020109447
23 2134709.0 71.907555 1200.0 1.0 -29.641407554779153 76.65666705143751
24 201150.0 73.347404 1200.0 1.0 -29.663923150453016 81.09766920509448
25 2168907.0 72.009796 1200.0 1.0 -29.665616624007797 77.53369473278437
26 274587.0 71.659096 1200.0 1.0 -29.670003650365253 76.66060772048418
27 201147.0 72.590172 1200.0 1.0 -29.690645389713648 81.09516601245997
28 224550.0 71.747871 1200.0 1.0 -29.69409346404916 76.65951774819467
29 2134707.0 70.846519 1200.0 1.0 -29.712396090544942 75.64888380791844
30 276389.0 73.03476 1200.0 1.0 -29.729943485395154 81.09772135494103
31 82349.0 71.487846 1200.0 1.0 -29.760964238460247 76.65624783132617
32 260189.0 72.398735 1200.0 1.0 -29.771254845744878 77.53283523678579
33 201149.0 73.028801 1200.0 1.0 -29.87943293404548 81.09673050785653
34 59668.0 71.778885 1200.0 1.0 -29.884269582932106 76.65591245523709
35 285390.0 71.664459 1200.0 1.0 -29.89005448733522 76.65708627154886
36 45269.0 70.86454 1200.0 1.0 -29.890437323286193 75.64519655027739
37 2168908.0 72.742172 1200.0 1.0 -29.899636837877686 81.09646975862378
38 235709.0 69.180862 1200.0 1.0 -29.926178197763978 75.87170492313552
39 52827.0 71.701767 1200.0 1.0 -29.928520986620185 76.65792471177156
40 56790.0 71.594391 1200.0 1.0 -29.9534834207423 75.64688215377045
41 71188.0 71.045723 1200.0 1.0 -29.985766568102243 75.64962125944665
42 71187.0 70.899071 1200.0 1.0 -29.985766568102243 75.64888380791844
43 82347.0 71.84745 1200.0 1.0 -29.987059567704456 77.53448811370612
44 304827.0 70.403946 1200.0 1.0 -30.002105381588528 75.64761960529866
45 257668.0 70.330559 1200.0 1.0 -30.033170966640405 74.3397786305472
46 56789.0 67.827736 1200.0 1.0 -30.04028084039391 73.98457366801435
47 295827.0 71.558739 1200.0 1.0 -30.0902402909949 76.65968543623922
48 257667.0 70.12722 1200.0 1.0 -30.101020065542574 74.33710531569238
49 235349.0 71.996132 1200.0 1.0 -30.154422590644003 76.65666705143751
50 42389.0 72.693581 1200.0 1.0 -30.15681017002096 77.53475257401338
51 59669.0 71.069214 1200.0 1.0 -30.191221202864327 75.64972660966497
52 224907.0 70.232018 1200.0 1.0 -30.214825764719713 74.33309534341016
53 2249190.0 69.44001 1200.0 1.0 -30.253287836991248 72.81861703370525
54 235350.0 72.145294 1200.0 1.0 -30.266192963042975 76.65775702372702
55 224548.0 71.105682 1200.0 1.0 -30.26628361041149 75.64962125944665
56 257669.0 71.279358 1200.0 1.0 -30.39243808589983 75.65067476162982
57 224909.0 70.754761 1200.0 1.0 -30.400075404881818 75.6459340018056
58 224549.0 71.129578 1200.0 1.0 -30.40954331416875 75.64972660966497
59 224547.0 70.221237 1200.0 1.0 -30.4199536329411 74.33309534341016
60 265948.0 70.182442 1200.0 1.0 -30.453896384391406 74.33296167766741
61 209070.0 71.236755 1200.0 1.0 -30.48176819266852 75.65099081228476
62 62908.0 69.258934 1200.0 1.0 -30.49628864163659 72.81591014234229
63 295828.0 70.107216 1200.0 1.0 -30.505912812218426 74.33296167766741
64 59667.0 70.360054 1200.0 1.0 -30.54530219156242 75.64761960529866
65 259110.0 70.902718 1200.0 1.0 -30.56102051978377 74.3332290091529
66 71190.0 68.909447 1200.0 1.0 -30.600735326489158 75.27998567267814
67 224908.0 71.001404 1200.0 1.0 -30.610918442220388 75.65014801053823
68 81629.0 69.981819 1200.0 1.0 -30.614178174830883 74.34031329351816
69 2263229.0 68.341675 1200.0 1.0 -30.674537984262955 74.63697310739875
70 286109.0 69.96508 1200.0 1.0 -30.682654292394417 74.34031329351816
71 274589.0 71.211037 1200.0 1.0 -30.688027193004974 75.64941055901002
72 259109.0 69.656654 1200.0 1.0 -30.695001035564566 72.82132392506823
73 59670.0 67.281433 1200.0 1.0 -30.71820652638278 72.40539320214107
74 206549.0 67.92939 1200.0 1.0 -30.761583244797468 73.98443085256136
75 286830.0 71.197548 1200.0 1.0 -30.772941989666045 75.65099081228476
76 70834.0 45.276554 1200.0 1.0 -30.777508398804212 88.96525177282982
77 2144433.0 56.818584 1200.0 1.0 -30.782541388102047 82.16893320717709
78 259108.0 69.65773 1200.0 1.0 -30.79277117104199 72.82081638293766
79 210149.0 68.241135 1200.0 1.0 -30.797020498458295 74.63748127157885
80 71189.0 70.851097 1200.0 1.0 -30.797196915148625 75.64519655027739
81 62910.0 70.019775 1200.0 1.0 -30.813367334181805 72.81726358802378
82 59314.0 42.794559 1200.0 1.0 -30.85659289248153 86.29657421014555
83 56787.0 68.976097 1200.0 1.0 -30.877243600839087 72.81709440731359
84 82350.0 67.448929 1200.0 1.0 -30.88066489407116 72.40701296241578
85 241835.0 42.695641 1200.0 1.0 -30.898492942636466 86.29345600591766
86 2586870.0 67.513977 1200.0 1.0 -30.94088620379022 72.40449333532179
87 2586869.0 67.612328 1200.0 1.0 -30.942783563825493 73.17323882493187
88 266310.0 68.990631 1200.0 1.0 -30.948124713328532 75.27896942584266
89 297275.0 42.826962 1200.0 1.0 -30.95575526951216 86.29554703698813
90 254073.0 56.618 1200.0 1.0 -30.973298261778165 82.16609228145398
91 2197350.0 67.133156 1200.0 1.0 -30.980871145596765 71.25677629684156
92 303753.0 42.209457 1200.0 1.0 -30.998036148430813 82.96958993797524
93 195393.0 43.133831 1200.0 1.0 -31.000942527148077 82.9646156714006
94 210147.0 68.76046 1200.0 1.0 -31.003871864125514 72.81371079310988
95 285389.0 69.677109 1200.0 1.0 -31.024121942422205 72.82301573217008
96 295829.0 70.3564 1200.0 1.0 -31.024203496956552 74.33697164994965
97 201513.0 56.490849 1200.0 1.0 -31.04044961134172 82.16790459613942
98 224910.0 70.549202 1200.0 1.0 -31.04708271734639 74.33991229628994
99 268113.0 42.209866 1200.0 1.0 -31.056353190583202 82.96958993797524
100 265947.0 70.088562 1200.0 1.0 -31.07022619126265 74.33710531569238
101 303755.0 44.004108 1200.0 1.0 -31.072145647181017 88.96738892002762
102 303393.0 40.213104 1200.0 1.0 -31.083460720660817 74.38725483899718
103 304469.0 69.988564 1200.0 1.0 -31.093640100274655 74.34031329351816
104 230674.0 37.890945 1200.0 1.0 -31.105043791641435 80.55092082549115
105 268115.0 42.629086 1200.0 1.0 -31.12958200488669 86.29345600591766
106 293315.0 42.324444 1200.0 1.0 -31.15401086955486 86.29569377601062
107 2130395.0 24.394588 1200.0 1.0 -31.156043731548547 89.86131333883999
108 59313.0 42.752056 1200.0 1.0 -31.162042092176023 82.968939099358
109 295834.0 57.076675 1200.0 1.0 -31.17466398237272 84.99050432313167
110 206547.0 68.735184 1200.0 1.0 -31.179793057618262 72.81371079310988
111 235710.0 67.54908 1200.0 1.0 -31.18259048450729 72.40449333532179
112 74433.0 53.955719 1200.0 1.0 -31.198387881898547 76.59811538534987
113 76954.0 37.893322 1200.0 1.0 -31.199679298107363 80.55092082549115
114 286110.0 70.873459 1200.0 1.0 -31.215052043512507 74.3332290091529
115 271350.0 70.093773 1200.0 1.0 -31.218255456531644 72.81946293725619
116 2585069.0 66.995728 1200.0 1.0 -31.218376361295533 72.40665301568806
117 292593.0 58.537987 1200.0 1.0 -31.236476428541067 87.24113822673564
118 246150.0 67.927795 1200.0 1.0 -31.261845820012432 73.17420122689167
119 250834.0 45.672421 1200.0 1.0 -31.274111218118165 88.96940896326936
120 248670.0 66.311127 1200.0 1.0 -31.28117915795989 69.79057130234845
121 58954.0 37.63921 1200.0 1.0 -31.285183099747428 80.55113719690678
122 294034.0 45.974731 1200.0 1.0 -31.292257463177897 88.96481263299466
123 197553.0 59.055351 1200.0 1.0 -31.29919560588074 89.47329338948924
124 297994.0 43.677841 1200.0 1.0 -31.321063156199656 86.29943562108407
125 62909.0 69.452545 1200.0 1.0 -31.334896437846844 72.81844785299508
126 125915.0 44.035934 1200.0 1.0 -31.344394404335688 88.96738892002762
127 52465.0 46.572704 1200.0 1.0 -31.345802341393465 81.1175953101193
128 197914.0 57.982342 1200.0 1.0 -31.349376938755903 87.24012273263949
129 214475.0 22.143152 1200.0 1.0 -31.35424173799623 89.66821140672033
130 42752.0 53.584969 1200.0 1.0 -31.356127539601033 75.82299866798252
131 2058394.0 39.37669 1200.0 1.0 -31.35880163986924 81.33439776201364
132 61835.0 45.122478 1200.0 1.0 -31.36316186607138 88.9689990994232
133 126273.0 42.795113 1200.0 1.0 -31.36337165524857 82.968939099358
134 54994.0 33.460556 1200.0 1.0 -31.389343741102053 78.64047951216048
135 278194.0 34.903973 1200.0 1.0 -31.391837143891678 79.16423667400593
136 2148033.0 44.720901 1200.0 1.0 -31.392787637488354 86.29147502911407
137 219869.0 68.708969 1200.0 1.0 -31.39479989435575 75.27964692373298
138 241834.0 42.672035 1200.0 1.0 -31.397339638386846 82.97126352299101
139 2145154.0 40.795334 1200.0 1.0 -31.397339638386846 82.96480162529123
140 298714.0 41.109249 1200.0 1.0 -31.398144622135355 82.971402988409
141 52828.0 69.121437 1200.0 1.0 -31.413288615995512 72.81980129867655
142 268114.0 42.217152 1200.0 1.0 -31.416192284094244 82.966475210307
143 2144434.0 56.913685 1200.0 1.0 -31.430648637061374 84.99091166171365
144 264153.0 44.907082 1200.0 1.0 -31.430917697892816 86.2968310034349
145 125914.0 46.064247 1200.0 1.0 -31.435860173602016 88.96674484826937
146 200433.0 56.250095 1200.0 1.0 -31.44135637930168 82.16810052205136
147 298354.0 43.301041 1200.0 1.0 -31.4447857073909 86.2916951376478
148 125913.0 44.133842 1200.0 1.0 -31.44686734066923 86.29363942969577
149 298355.0 42.99633 1200.0 1.0 -31.456688326607868 86.30049947899711
150 305192.0 54.691998 1200.0 1.0 -31.458089414576214 76.60161022920774
151 303754.0 42.374676 1200.0 1.0 -31.45839886527309 82.96503406765453
152 68313.0 50.847622 1200.0 1.0 -31.46871733699414 72.64620627248927
153 248669.0 66.554497 1200.0 1.0 -31.474786894771505 71.25576773524615
154 65435.0 42.699871 1200.0 1.0 -31.484309435240576 86.29345600591766
155 293313.0 42.031948 1200.0 1.0 -31.484861942243533 82.96382536736536
156 2417653.0 56.847404 1200.0 1.0 -31.494084890533443 83.80390801783581
157 71549.0 66.536629 1200.0 1.0 -31.4964916190754 70.59016284328877
158 125555.0 25.125366 1200.0 1.0 -31.502628263885207 89.86134032333858
159 195395.0 43.408562 1200.0 1.0 -31.50329583827667 86.29789486134794
160 297274.0 41.98946 1200.0 1.0 -31.503638703140616 82.97261168869817
161 241474.0 44.4305 1200.0 1.0 -31.50410082202518 86.29642747112307
162 304468.0 69.741051 1200.0 1.0 -31.511078926356788 74.33964496480446
163 2095115.0 17.31131 1200.0 1.0 -31.519346755565678 88.4804378721843
164 293314.0 42.274437 1200.0 1.0 -31.520967828219263 82.96633574488902
165 45270.0 69.060959 1200.0 1.0 -31.522386086743317 75.87200578455708
166 197554.0 56.794266 1200.0 1.0 -31.527637830103714 84.99001551683331
167 1150114.0 42.670906 1200.0 1.0 -31.539267233737377 82.97126352299101
168 298715.0 41.103973 1200.0 1.0 -31.539267233737377 82.97070566131909
169 124115.0 43.639297 1200.0 1.0 -31.541816394093424 86.29613399307809
170 297995.0 43.240871 1200.0 1.0 -31.541816394093424 86.2951801894319
171 38072.0 56.146015 1200.0 1.0 -31.54345171006105 79.08692711068235
172 212675.0 24.193066 1200.0 1.0 -31.548682916626184 89.86169112182026
173 1557456.0 -2.707397 1200.0 1.0 -31.548733667629833 74.97562144977542
174 2623955.0 22.279352 1200.0 1.0 -31.54963838789088 89.66768597355629
175 271349.0 67.264046 1200.0 1.0 -31.55218124495704 72.40629306896035
176 261635.0 41.486046 1200.0 1.0 -31.55773498294306 82.96150094373235
177 241473.0 44.732162 1200.0 1.0 -31.562162644566634 86.29147502911407
178 58594.0 58.37775 1200.0 1.0 -31.56384809278377 89.47388203103837
179 196834.0 58.610413 1200.0 1.0 -31.567338880376113 89.47348960333895
180 79835.0 19.956865 1200.0 1.0 -31.571894628866936 89.18875948191253
181 201514.0 57.026134 1200.0 1.0 -31.576214764788666 84.99140046801202
182 305915.0 41.229664 1200.0 1.0 -31.57637420786778 82.97214680397155
183 280354.0 40.846561 1200.0 1.0 -31.577274979156158 82.96480162529123
184 80554.0 32.082607 1200.0 1.0 -31.577403081564903 78.13943303964413
185 260914.0 33.235165 1200.0 1.0 -31.580151107883506 78.6400530940664
186 241475.0 43.549934 1200.0 1.0 -31.581091171107104 86.29492339614255
187 1150115.0 43.42511 1200.0 1.0 -31.581091171107104 86.29789486134794
188 221673.0 44.443302 1200.0 1.0 -31.581896154855613 86.297307905258
189 1149754.0 35.164364 1200.0 1.0 -31.59342151968339 79.16624021746485
190 219870.0 67.980835 1200.0 1.0 -31.593423052703315 73.98514492982629
191 283233.0 42.304043 1200.0 1.0 -31.595188128771817 82.96619627947103
192 252993.0 56.208752 1200.0 1.0 -31.597069794807837 79.0861563011661
193 124114.0 44.309891 1200.0 1.0 -31.601020750785388 86.29734459001361
194 305193.0 55.096436 1200.0 1.0 -31.60102380850207 77.30046783489576
195 257314.0 39.857033 1200.0 1.0 -31.615057716685683 81.33378277280035
196 2140110.0 65.640869 1200.0 1.0 -31.617318996416607 67.93315845680155
197 122314.0 57.614014 1200.0 1.0 -31.617405905084492 87.2415782741773
198 210150.0 66.96357 1200.0 1.0 -31.624730572371732 71.25758314611788
199 291154.0 40.752953 1200.0 1.0 -31.625704749526285 82.97042673048313
200 207994.0 40.341129 1200.0 1.0 -31.628468047295385 74.38712206809791
201 60034.0 28.933437 1200.0 1.0 -31.63567634762485 77.58511459045953
202 228155.0 21.929762 1200.0 1.0 -31.64163159100169 89.66790720857273
203 78034.0 40.632698 1200.0 1.0 -31.653516648523812 82.9635464365294
204 250469.0 66.768761 1200.0 1.0 -31.66403283318028 71.25657458452248
205 197193.0 50.291946 1200.0 1.0 -31.667679332165417 75.13231204883148
206 249394.0 11.258444 1200.0 1.0 -31.67437985990678 76.86839888011299
207 196833.0 56.592175 1200.0 1.0 -31.680185052358688 82.16609228145398
208 214114.0 58.540405 1200.0 1.0 -31.681513534238263 89.47348960333895
209 246149.0 66.564713 1200.0 1.0 -31.683976154678476 71.25576773524615
210 303394.0 40.56868 1200.0 1.0 -31.6919974933991 82.9660103255804
211 281795.0 44.274586 1200.0 1.0 -31.695255150798026 88.96823792370893
212 2116539.0 -11.270283 1200.0 1.0 -31.700915235206644 88.25442368361446
213 2139579.0 -10.546873 1200.0 1.0 -31.70342781606012 88.2541107443031
214 259107.0 69.122704 1200.0 1.0 -31.707680378751675 72.82030884080712
215 52474.0 41.880138 1200.0 1.0 -31.711932598935356 82.96103605900575
216 1068753.0 54.937023 1200.0 1.0 -31.728347653270262 77.29954276192136
217 2140109.0 65.557228 1200.0 1.0 -31.73183393335586 68.66533022820332
218 54274.0 41.108784 1200.0 1.0 -31.73287269882504 82.971402988409
219 305550.0 69.489723 1200.0 1.0 -31.733397503913437 72.81861703370525
220 238593.0 48.281029 1200.0 1.0 -31.73385357786124 72.58395726000522
221 237874.0 22.294542 1200.0 1.0 -31.743838929242877 77.4040063965327
222 292592.0 59.411934 1200.0 1.0 -31.74598041237069 74.57735365614036
223 281794.0 43.937916 1200.0 1.0 -31.74636457819038 86.29653752538992
224 1150113.0 43.23119 1200.0 1.0 -31.752406903043003 82.96852070310405
225 121235.0 25.170906 1200.0 1.0 -31.76537490951523 89.86134032333858
226 70833.0 44.833778 1200.0 1.0 -31.768015332922673 86.29385953822951
227 73713.0 56.033115 1200.0 1.0 -31.775388932054877 79.08431821693505
228 2599114.0 28.994038 1200.0 1.0 -31.78232614080948 77.58511459045953
229 214113.0 58.207386 1200.0 1.0 -31.78382532820443 87.24120592634205
230 214833.0 43.400211 1200.0 1.0 -31.7899023970799 86.29958236010657
231 2584708.0 27.258142 1200.0 1.0 -31.790410923778417 89.85256852482397
232 255874.0 38.188198 1200.0 1.0 -31.794102518633757 80.55248951825446
233 225994.0 34.889847 1200.0 1.0 -31.79932377455531 79.16423667400593
234 75155.0 24.049692 1200.0 1.0 -31.800884036477285 89.86115143184844
235 61834.0 45.350811 1200.0 1.0 -31.80469772089858 88.96525177282982
236 43828.0 21.752508 1200.0 1.0 -31.807759030567016 88.75105389358363
237 200072.0 54.273216 1200.0 1.0 -31.81235495516189 75.82615693488663
238 305914.0 40.539112 1200.0 1.0 -31.816302304454993 82.9660103255804
239 270994.0 34.788563 1200.0 1.0 -31.817472946247797 79.16394203526197
240 51754.0 32.547691 1200.0 1.0 -31.818388865414413 78.13811777595097
241 222745.0 73.338829 1200.0 1.0 -31.82358668718514 68.71626823726443
242 211235.0 45.334629 1200.0 1.0 -31.827321982058912 88.96694978019245
243 294035.0 44.410851 1200.0 1.0 -31.82812696580742 88.96320245359907
244 278912.0 53.923836 1200.0 1.0 -31.829117841076027 75.8251381391111
245 278913.0 53.566109 1200.0 1.0 -31.829213628615896 75.82625881446418
246 2585074.0 20.32486 1200.0 1.0 -31.830865801003284 77.34596028745088
247 126633.0 56.347675 1200.0 1.0 -31.831432862102517 82.16726783692562
248 2054794.0 32.045677 1200.0 1.0 -31.834662054239935 78.13705303867556
249 241833.0 42.675922 1200.0 1.0 -31.83589008204048 82.96614979099837
250 233552.0 59.371159 1200.0 1.0 -31.840095957663102 74.57735365614036
251 2144072.0 59.695477 1200.0 1.0 -31.84090094141161 74.57864068065632
252 2145515.0 19.973766 1200.0 1.0 -31.843059320603793 89.18875948191253
253 75514.0 36.066002 1200.0 1.0 -31.843358435163246 79.83119269039986
254 2349985.0 73.642685 1200.0 1.0 -31.844006097859648 68.71654906411214
255 198273.0 53.403748 1200.0 1.0 -31.846938134301624 75.82248927009475
256 298706.0 37.020493 1200.0 1.0 -31.855042601589542 86.51066675539006
257 211234.0 44.16045 1200.0 1.0 -31.85783953759816 86.29173182240343
258 205474.0 58.6008 1200.0 1.0 -31.861527183560632 89.47348960333895
259 266309.0 67.524818 1200.0 1.0 -31.863927473917947 73.1743616272183
260 266675.0 45.268864 1200.0 1.0 -31.874156305209233 88.96694978019245
261 250835.0 45.447701 1200.0 1.0 -31.874156305209233 88.96946751524737
262 126274.0 43.420498 1200.0 1.0 -31.879920870865703 86.30027937046339
263 281072.0 51.768513 1200.0 1.0 -31.888318290076242 72.64033577174406
264 242553.0 52.076229 1200.0 1.0 -31.892406564659602 73.86049353774456
265 45268.0 70.362465 1200.0 1.0 -31.89345145401878 74.3397786305472
266 71550.0 65.98748 1200.0 1.0 -31.900193532009467 68.66504840917217
267 197552.0 58.925392 1200.0 1.0 -31.913312813236498 73.30044325697965
268 206915.0 16.926617 1200.0 1.0 -31.917860925013677 88.48068300752601
269 79475.0 44.574898 1200.0 1.0 -31.92046262143019 88.96279258975291
270 52473.0 42.542923 1200.0 1.0 -31.922998101784458 82.9610825474784
271 38073.0 57.073769 1200.0 1.0 -31.925129381841355 84.99144120187022
272 296194.0 43.119022 1200.0 1.0 -31.9264924476388 86.2961706778337
273 196113.0 52.160591 1200.0 1.0 -31.926737581221783 73.86049353774456
274 270275.0 22.58256 1200.0 1.0 -31.927691993234035 89.66812844358917
275 211954.0 29.514532 1200.0 1.0 -31.92835406126948 77.58609423059187
276 2115995.0 16.797449 1200.0 1.0 -31.931311001816617 88.48028466259574
277 243992.0 58.215046 1200.0 1.0 -31.933830570983584 72.49901101148731
278 121594.0 36.0396 1200.0 1.0 -31.93955796890654 79.83119269039986
279 266674.0 45.311375 1200.0 1.0 -31.945245140670416 88.96525177282982
280 270634.0 40.141727 1200.0 1.0 -31.94558062828169 74.38433387921314
281 242195.0 41.857761 1200.0 1.0 -31.94869856012754 82.96243071318555
282 75874.0 26.499622 1200.0 1.0 -31.957274498347616 77.49317925991404
283 201512.0 55.013351 1200.0 1.0 -31.9609497850078 76.60169546930183
284 2077659.0 -11.123393 1200.0 1.0 -31.96183053899388 88.25467403506354
285 2130394.0 24.256798 1200.0 1.0 -31.970742061312052 77.42643476076306
286 254072.0 57.429668 1200.0 1.0 -31.979025724122472 70.83907933944405
287 269185.0 43.085964 1200.0 1.0 -31.980374619656267 88.90191490545631
288 284675.0 21.539223 1200.0 1.0 -31.983482069750323 89.66738177540869
289 246864.0 73.683624 1200.0 1.0 -31.9845299475421 69.88661168569318
290 2583634.0 35.133656 1200.0 1.0 -31.988638185262367 79.16624021746485
291 274234.0 34.53199 1200.0 1.0 -31.989443169010876 79.16606343421847
292 205472.0 55.16201 1200.0 1.0 -31.990456622906883 77.3008236321936
293 296195.0 42.195129 1200.0 1.0 -31.998443249025193 86.29870192597163
294 126275.0 43.799198 1200.0 1.0 -31.998443249025193 86.29396959249638
295 297993.0 44.128395 1200.0 1.0 -32.000054137556255 86.29363942969577
296 2050473.0 50.014076 1200.0 1.0 -32.00139815913694 74.68297245784849
297 242552.0 53.364277 1200.0 1.0 -32.00456822926666 74.79715628188627
298 258035.0 17.378983 1200.0 1.0 -32.007473724004775 88.48147969738659
299 200792.0 51.453827 1200.0 1.0 -32.01441038918408 72.63670987422496
300 124113.0 47.245712 1200.0 1.0 -32.01910398718138 70.70446610158331
301 264154.0 44.007088 1200.0 1.0 -32.02301236299156 86.29653752538992
302 304114.0 40.203754 1200.0 1.0 -32.02405399112539 74.38526327550807
303 1557994.0 -0.144737 1200.0 1.0 -32.033597041181054 73.76993198817289
304 80913.0 55.368042 1200.0 1.0 -32.034807705339745 77.30274493760197
305 271346.0 72.255157 1200.0 1.0 -32.0352604207924 64.37161022043189
306 2140470.0 64.312675 1200.0 1.0 -32.035805410126976 64.64383784597982
307 224195.0 22.391979 1200.0 1.0 -32.03920599533151 89.66768597355629
308 1210059.0 -10.625208 1200.0 1.0 -32.04541813452646 88.25451756540787
309 211595.0 43.64621 1200.0 1.0 -32.0478863323404 86.29613399307809
310 297273.0 43.40332 1200.0 1.0 -32.048691316088906 86.29958236010657
311 201146.0 73.369629 1200.0 1.0 -32.04972100942212 67.8947334744081
312 1572219.0 -10.80765 1200.0 1.0 -32.05134867269197 88.2540168625097
313 240385.0 72.689934 1200.0 1.0 -32.054843130649125 66.7475105330557
314 65073.0 48.025997 1200.0 1.0 -32.055378514422 71.91880221134723
315 267755.0 17.198145 1200.0 1.0 -32.055969081557535 88.48114263629174
316 2142273.0 40.984447 1200.0 1.0 -32.062725339904496 70.88910650168589
317 2586866.0 41.446964 1200.0 1.0 -32.06471547311022 84.96622487390802
318 2118335.0 5.073668 1200.0 1.0 -32.06708984778128 76.67446493670612
319 235708.0 68.343079 1200.0 1.0 -32.06840561215664 64.61538302950895
320 49595.0 11.732427 1200.0 1.0 -32.07029518462222 85.99364940568564
321 2140469.0 64.128357 1200.0 1.0 -32.07617339464492 64.64685276878086
322 215548.0 26.991377 1200.0 1.0 -32.07750611744995 89.85229850558378
323 286475.0 22.121866 1200.0 1.0 -32.08192157011997 89.66821140672033
324 303395.0 41.136997 1200.0 1.0 -32.085177392878684 82.97214680397155
325 282155.0 17.426075 1200.0 1.0 -32.08588374965437 88.48147969738659
326 2197714.0 -1.108454 1200.0 1.0 -32.086222664677244 74.06823322432105
327 200073.0 56.284695 1200.0 1.0 -32.09910380920348 82.16810052205136
328 126632.0 55.898762 1200.0 1.0 -32.1003882537864 79.08728286892061
329 205473.0 54.85902 1200.0 1.0 -32.1011472974363 77.29954276192136
330 2349984.0 73.633385 1200.0 1.0 -32.10138491402037 69.88661168569318
331 194668.0 21.525002 1200.0 1.0 -32.10169855411884 88.74890345027701
332 2095114.0 17.299686 1200.0 1.0 -32.104176265807226 77.26355490189256
333 66498.0 60.765194 1200.0 1.0 -32.106025896402144 84.55087283410026
334 69034.0 33.60619 1200.0 1.0 -32.10611549893819 78.64157601583094
335 225274.0 29.046785 1200.0 1.0 -32.1063530100562 77.58550644651247
336 248314.0 26.639471 1200.0 1.0 -32.10714866639684 77.49042557017879
337 258754.0 39.156612 1200.0 1.0 -32.10987798613008 81.33316778358706
338 304108.0 34.441109 1200.0 1.0 -32.11320380412802 82.67843792660051
339 1576899.0 -10.740659 1200.0 1.0 -32.11486104036045 88.25517473796171
340 194669.0 21.55945 1200.0 1.0 -32.11497658844489 88.74908265388589
341 299975.0 1.72779 1200.0 1.0 -32.116855368276575 75.7881391210327
342 264155.0 44.058201 1200.0 1.0 -32.12083078110708 88.96738892002762
343 77314.0 40.170734 1200.0 1.0 -32.123622847427086 74.38433387921314
344 292954.0 26.867666 1200.0 1.0 -32.12504819543755 77.48941812271467
345 2037704.0 25.498127 1200.0 1.0 -32.12918934848225 81.57502402008495
346 57154.0 31.818014 1200.0 1.0 -32.13128859061101 78.13580040658684
347 124474.0 20.297327 1200.0 1.0 -32.13896572629572 77.34645116066145
348 78394.0 29.49622 1200.0 1.0 -32.13904571952469 77.58609423059187
349 285034.0 17.507536 1200.0 1.0 -32.1429561836751 77.26448571515475
350 60752.0 58.761982 1200.0 1.0 -32.1465968165746 73.30139071083094
351 256954.0 21.070988 1200.0 1.0 -32.150443595915526 77.3672025761931
352 1553499.0 -11.210716 1200.0 1.0 -32.15049548697721 88.25479921078808
353 64354.0 36.677696 1200.0 1.0 -32.15073924346073 79.83209915888537
354 59660.0 57.968254 1200.0 1.0 -32.15328735685535 84.3581612772295
355 252634.0 34.767574 1200.0 1.0 -32.15407632243182 79.16394203526197
356 256229.0 21.132952 1200.0 1.0 -32.16407618396777 88.74994880466217
357 235707.0 68.388588 1200.0 1.0 -32.17205297856695 65.824364075612
358 291148.0 30.377501 1200.0 1.0 -32.173371345045304 80.8763948752285
359 290786.0 40.663639 1200.0 1.0 -32.17398184030663 84.96691878544186
360 262715.0 19.582355 1200.0 1.0 -32.176693549975894 89.18824131454951
361 281793.0 43.907623 1200.0 1.0 -32.17710802990897 86.29573046076624
362 2146588.0 29.949701 1200.0 1.0 -32.17884563176388 80.87634186515388
363 249035.0 21.671789 1200.0 1.0 -32.18256706153386 89.66752004729396
364 243993.0 59.026131 1200.0 1.0 -32.1936879205354 89.47329338948924
365 2100147.0 36.62701 1200.0 1.0 -32.19385752173427 76.66379170934536
366 1149747.0 36.944847 1200.0 1.0 -32.19466250548278 76.66437817544382
367 304107.0 34.515553 1200.0 1.0 -32.195065492404524 82.68184697325188
368 246866.0 73.219521 1200.0 1.0 -32.19598940473868 67.89284023394676
369 228154.0 21.330864 1200.0 1.0 -32.1960079666773 77.36664617589615
370 2587775.0 -10.367548 1200.0 1.0 -32.196169347033525 82.27201774303005
371 2139033.0 -1.17103 1200.0 1.0 -32.20355845965929 74.0663984249275
372 195394.0 41.996326 1200.0 1.0 -32.209613234668275 82.97261168869817
373 196832.0 56.211658 1200.0 1.0 -32.221137944446845 79.08497044037188
374 44194.0 24.260153 1200.0 1.0 -32.22148889751046 77.42643476076306
375 268834.0 40.053375 1200.0 1.0 -32.22836935624249 74.38738760989646
376 211233.0 44.224361 1200.0 1.0 -32.23122324078511 86.29308915836145
377 222394.0 22.969067 1200.0 1.0 -32.23315484702696 77.40593879595869
378 1548273.0 -5.928978 1200.0 1.0 -32.23331800250491 76.48789141853072
379 43106.0 41.545525 1200.0 1.0 -32.23380949214474 84.96744942367361
380 198994.0 29.424919 1200.0 1.0 -32.234173410917606 77.58498397177522
381 275674.0 11.730325 1200.0 1.0 -32.23543961275638 76.86935934902607
382 290074.0 37.111073 1200.0 1.0 -32.239797096381956 73.37688313924295
383 2029234.0 20.51178 1200.0 1.0 -32.24224480943709 77.34708228336075
384 301593.0 51.849987 1200.0 1.0 -32.24603519129252 73.86836308303599
385 1582833.0 -4.08522 1200.0 1.0 -32.247830203280905 75.51390805382411
386 214474.0 18.545933 1200.0 1.0 -32.24904023617414 77.32191948204049
387 121228.0 26.725212 1200.0 1.0 -32.24910085475352 89.85321657100042
388 59305.0 46.922878 1200.0 1.0 -32.25194636912315 81.11665989148874
389 291153.0 40.919052 1200.0 1.0 -32.25450150921526 70.88910650168589
390 211594.0 43.379749 1200.0 1.0 -32.258838818953414 86.2916951376478
391 69393.0 53.808208 1200.0 1.0 -32.262302374044566 75.82136859474168
392 300135.0 64.081863 1200.0 1.0 -32.26469634407137 77.02553151235324
393 195033.0 35.736877 1200.0 1.0 -32.26679928884665 72.96881421861352
394 236787.0 33.03038 1200.0 1.0 -32.26807253307682 82.67829588299004
395 2263228.0 68.207291 1200.0 1.0 -32.271964791192296 64.62013190641284
396 1489234.0 -8.541985 1200.0 1.0 -32.273376799008645 81.26782374139285
397 299073.0 48.260918 1200.0 1.0 -32.27640904337501 72.58395726000522
398 200793.0 52.78548 1200.0 1.0 -32.27741093718343 74.79862742974846
399 226345.0 73.613968 1200.0 1.0 -32.28388676715726 68.71654906411214
400 120872.0 53.58794 1200.0 1.0 -32.284444456972814 75.82299866798252
401 198272.0 53.130966 1200.0 1.0 -32.28448552822576 74.80034376892102
402 237869.0 21.733429 1200.0 1.0 -32.28477636356598 88.75045654822068
403 36994.0 57.708118 1200.0 1.0 -32.28841923130086 87.24049508047474
404 35195.0 24.25897 1200.0 1.0 -32.28865623766581 89.86231176528786
405 1485456.0 -2.72344 1200.0 1.0 -32.28923743449703 74.97562144977542
406 200432.0 55.140934 1200.0 1.0 -32.292032189841734 77.3008236321936
407 300514.0 36.750343 1200.0 1.0 -32.29232057448304 79.83079611043745
408 2131833.0 -4.860485 1200.0 1.0 -32.29996144956131 75.68463460524998
409 212674.0 24.197786 1200.0 1.0 -32.30702110742169 77.42561314910422
410 303034.0 26.699148 1200.0 1.0 -32.30707848654178 77.49002259119314
411 67954.0 42.242779 1200.0 1.0 -32.31503853617627 82.966475210307
412 214834.0 43.044693 1200.0 1.0 -32.31523844240103 86.29672094916803
413 197913.0 57.927311 1200.0 1.0 -32.315603529656336 87.2401904322459
414 220234.0 23.080448 1200.0 1.0 -32.31671639227491 77.40283315402407
415 225268.0 27.776785 1200.0 1.0 -32.31709262244536 89.8537566094808
416 2160269.0 65.258133 1200.0 1.0 -32.32009647033337 67.93441501276625
417 215554.0 28.737211 1200.0 1.0 -32.321577328479535 75.248067782502
418 250467.0 68.32251 1200.0 1.0 -32.324529248942405 65.824364075612
419 214468.0 21.876673 1200.0 1.0 -32.330185367896284 88.75165123894658
420 1539095.0 -0.58753 1200.0 1.0 -32.33151551029005 75.32847068190519
421 284312.0 51.404152 1200.0 1.0 -32.339179827792634 72.63550124171859
422 234626.0 41.093487 1200.0 1.0 -32.343953297037956 84.96626569223355
423 58592.0 57.405258 1200.0 1.0 -32.34743054755457 70.2901669964619
424 271345.0 72.384285 1200.0 1.0 -32.34752773520797 65.59111222953963
425 290435.0 22.587631 1200.0 1.0 -32.34844329703893 89.66812844358917
426 1031313.0 55.996536 1200.0 1.0 -32.354179077120385 79.08431821693505
427 1482393.0 -1.222454 1200.0 1.0 -32.35446889783357 74.06668070175726
428 1490494.0 -0.209175 1200.0 1.0 -32.35472064133512 76.71775027381193
429 2139034.0 -0.90834 1200.0 1.0 -32.357078714428184 75.24431139938429
430 236794.0 35.010052 1200.0 1.0 -32.3580873719747 79.16459024049868
431 125552.0 51.123558 1200.0 1.0 -32.35850927779715 67.50404901971382
432 201874.0 36.462612 1200.0 1.0 -32.36187455681007 79.8317592332033
433 237868.0 21.715931 1200.0 1.0 -32.36350327337399 88.75105389358363
434 2663545.0 43.666344 1200.0 1.0 -32.36465262732519 88.90059152320651
435 228874.0 28.19663 1200.0 1.0 -32.36624353724354 77.52627574691195
436 1576353.0 -5.496454 1200.0 1.0 -32.367345428830774 76.00054602926318
437 80912.0 55.38612 1200.0 1.0 -32.36857382331194 77.29968508084049
438 38074.0 57.98103 1200.0 1.0 -32.37527170894843 87.24012273263949
439 1568259.0 -10.429599 1200.0 1.0 -32.37856483010881 88.25498697437489
440 206914.0 16.498003 1200.0 1.0 -32.380165620989885 77.20221434089433
441 36633.0 51.48959 1200.0 1.0 -32.38495491617837 73.86384538110943
442 281073.0 48.350342 1200.0 1.0 -32.38508238335003 72.58500482086696
443 279994.0 36.421772 1200.0 1.0 -32.38676563183544 79.8317592332033
444 2163873.0 1.134767 1200.0 1.0 -32.38735906709003 73.46266667006657
445 1491034.0 -1.365365 1200.0 1.0 -32.388254082480856 74.06470476394882
446 220954.0 28.576702 1200.0 1.0 -32.3901466162105 75.24840842897073
447 68673.0 50.462265 1200.0 1.0 -32.390474669201886 75.13393449611763
448 195027.0 33.056213 1200.0 1.0 -32.391960280430894 82.67829588299004
449 233914.0 30.698534 1200.0 1.0 -32.39669484960666 77.71370326084607
450 74426.0 40.771332 1200.0 1.0 -32.39840832714473 84.96667387548874
451 262536.0 4.140762 1200.0 1.0 -32.40018449635559 76.2218471635425
452 209795.0 24.428997 1200.0 1.0 -32.4017956581521 89.86131333883999
453 2139575.0 -10.839879 1200.0 1.0 -32.40462521179412 82.27143303908025
454 259474.0 34.867416 1200.0 1.0 -32.40638151950733 79.16423667400593
455 251015.0 0.185403 1200.0 1.0 -32.4133061502176 75.34286327071956
456 1310499.0 -10.447877 1200.0 1.0 -32.41359801555041 88.25498697437489
457 290794.0 40.270679 1200.0 1.0 -32.41604653961307 74.38526327550807
458 2115994.0 16.584536 1200.0 1.0 -32.41994501366873 77.2005441533091
459 78753.0 53.228958 1200.0 1.0 -32.422684674888224 75.82524001868866
460 299433.0 53.197483 1200.0 1.0 -32.42348965863673 75.82524001868866
461 225987.0 35.05394 1200.0 1.0 -32.42495739891587 82.68037918927699
462 252992.0 54.689411 1200.0 1.0 -32.425097738428136 76.60161022920774
463 254061.0 58.06612 1200.0 1.0 -32.42535221963628 84.356852175871
464 76953.0 37.997765 1200.0 1.0 -32.42653294319455 69.62038893740593
465 1149388.0 21.28277 1200.0 1.0 -32.42797307616094 88.74779836135555
466 305191.0 53.971718 1200.0 1.0 -32.4350140220867 62.07578487162221
467 2070814.0 -7.826812 1200.0 1.0 -32.4352479409335 81.8269500626739
468 2581114.0 22.524549 1200.0 1.0 -32.435260291764834 77.40324723961535
469 293674.0 25.300819 1200.0 1.0 -32.4362628759784 77.44396744009934
470 1494274.0 -3.75051 1200.0 1.0 -32.43683947601932 74.9644964007963
471 2160270.0 65.404724 1200.0 1.0 -32.440900643777844 67.93598570772214
472 246865.0 73.523895 1200.0 1.0 -32.44770759162786 68.71739154465527
473 1317336.0 -5.552926 1200.0 1.0 -32.44893430313729 74.98290513336221
474 1483114.0 -4.275447 1200.0 1.0 -32.45167222124578 76.54075731622177
475 215185.0 72.601288 1200.0 1.0 -32.45308543195999 66.74821840240007
476 1485274.0 -0.405125 1200.0 1.0 -32.45591373994073 75.24590527024256
477 73712.0 55.707863 1200.0 1.0 -32.4587105849557 77.29911580516394
478 243991.0 58.415321 1200.0 1.0 -32.46064223006998 61.07688210804517
479 301947.0 34.601917 1200.0 1.0 -32.46278146748653 82.67616522883293
480 2167114.0 1.511691 1200.0 1.0 -32.46358519156282 75.21934560129672
481 2557895.0 -1.641991 1200.0 1.0 -32.46585928442051 75.4799374530524
482 290073.0 37.007713 1200.0 1.0 -32.4659183401164 73.36831715613589
483 1026269.0 69.531097 1200.0 1.0 -32.466614489623815 72.82267737074972
484 231394.0 11.466482 1200.0 1.0 -32.46681985343011 76.86751845027602
485 205834.0 28.399235 1200.0 1.0 -32.469174232735725 77.52574516186806
486 45267.0 68.040184 1200.0 1.0 -32.469698213407796 64.61970019033066
487 281255.0 1.135586 1200.0 1.0 -32.47010378040358 75.39403081161996
488 2168906.0 73.087791 1200.0 1.0 -32.470774353662506 66.75034201043316
489 66505.0 43.453609 1200.0 1.0 -32.47393744294686 88.90126791857863
490 284313.0 51.163887 1200.0 1.0 -32.47489898393266 72.63912713923769
491 301954.0 34.453613 1200.0 1.0 -32.47726545373359 72.52557227878084
492 247954.0 31.083836 1200.0 1.0 -32.47765118405168 77.71254967532435
493 2583274.0 18.021158 1200.0 1.0 -32.48081698149344 74.82364860132878
494 2586147.0 35.930599 1200.0 1.0 -32.48123676464034 76.66571866938312
495 274228.0 34.0256 1200.0 1.0 -32.48196392042102 82.68767076128131
496 289355.0 19.965706 1200.0 1.0 -32.48212824523681 89.18875948191253
497 69392.0 52.953018 1200.0 1.0 -32.48396750710496 74.79899521671402
498 1302579.0 -11.060296 1200.0 1.0 -32.48496715433517 88.25548767727305
499 242194.0 41.924171 1200.0 1.0 -32.48597097069698 82.96103605900575
500 223834.0 15.427768 1200.0 1.0 -32.48618933542531 77.15232503041322
501 2638353.0 -6.050277 1200.0 1.0 -32.489651694449584 76.48623713489671
502 78026.0 40.266624 1200.0 1.0 -32.48983895175672 76.69174428608223
503 2587589.0 63.206669 1200.0 1.0 -32.49231977721537 62.2916803451078
504 2577499.0 56.359371 1200.0 1.0 -32.492455012711346 84.3650446166306
505 75868.0 26.92375 1200.0 1.0 -32.49307516268996 89.85229850558378
506 58593.0 58.019707 1200.0 1.0 -32.49845834987463 87.24076587890039
507 2378615.0 5.289462 1200.0 1.0 -32.49922653644214 76.67604433893825
508 306984.0 73.509178 1200.0 1.0 -32.49923837019912 69.887609254617
509 259834.0 14.096375 1200.0 1.0 -32.50031645676634 77.07265921444964
510 294385.0 43.594517 1200.0 1.0 -32.501714538952584 88.90132673556751
511 283585.0 44.671349 1200.0 1.0 -32.50347325155085 87.12212555880724
512 242545.0 44.652145 1200.0 1.0 -32.50427823529936 87.12212555880724
513 214112.0 58.166813 1200.0 1.0 -32.505889516504745 71.75003900058948
514 196470.0 59.282227 1200.0 1.0 -32.50672424362707 62.20805670447418
515 2652753.0 37.309406 1200.0 1.0 -32.51176225219445 73.37501419747413
516 289713.0 51.881992 1200.0 1.0 -32.51377561164694 73.86428257807006
517 281254.0 2.013922 1200.0 1.0 -32.51596365133592 76.60382421235228
518 2096735.0 10.480736 1200.0 1.0 -32.51752239029417 89.22979026737002
519 121591.0 56.392521 1200.0 1.0 -32.51843221284554 67.95104829644262
520 2641953.0 -5.656111 1200.0 1.0 -32.520330635474124 75.996242210808
521 297633.0 37.271774 1200.0 1.0 -32.52085193710755 73.37501419747413
522 195034.0 35.690769 1200.0 1.0 -32.52086212552442 72.97097406656849
523 72275.0 16.824808 1200.0 1.0 -32.52286309984899 88.48028466259574
524 1528655.0 -5.99595 1200.0 1.0 -32.526480987760024 76.94215751873503
525 2207433.0 -6.024343 1200.0 1.0 -32.52898948417698 76.48623713489671
526 285388.0 68.769325 1200.0 1.0 -32.52981552803114 65.82087635954714
527 124833.0 54.826195 1200.0 1.0 -32.53102334173798 77.30253145922326
528 1301673.0 -7.664887 1200.0 1.0 -32.53385395231469 77.31020726387277
529 294752.0 52.255196 1200.0 1.0 -32.535927414158444 73.86151366398605
530 197912.0 57.820114 1200.0 1.0 -32.53747031905319 71.7494554441196
531 223115.0 25.186628 1200.0 1.0 -32.53787304369277 89.86134032333858
532 1300954.0 -1.544992 1200.0 1.0 -32.53962837612063 75.49723159811205
533 2120674.0 17.267282 1200.0 1.0 -32.54077488058791 77.26355490189256
534 2597855.0 0.014315 1200.0 1.0 -32.54096205415825 75.33985230070004
535 1546295.0 -5.409113 1200.0 1.0 -32.54664351825038 74.98433795211533
536 2585068.0 66.583031 1200.0 1.0 -32.554842835684795 57.53817424356047
537 35912.0 51.180008 1200.0 1.0 -32.55587185009576 72.6399904481708
538 237508.0 33.68235 1200.0 1.0 -32.56057955647803 82.67678075114499
539 197539.0 58.900192 1200.0 1.0 -32.5651059426541 87.53342437144366
540 120873.0 48.923225 1200.0 1.0 -32.570879316785756 73.14458343246028
541 1566456.0 -5.187635 1200.0 1.0 -32.57115552785231 74.98744239274706
542 49594.0 11.550431 1200.0 1.0 -32.572641826363146 76.86607774690641
543 1536032.0 -1.241701 1200.0 1.0 -32.574608040569835 76.63222720430485
544 65434.0 42.024601 1200.0 1.0 -32.57470434585113 82.97261168869817
545 264514.0 13.847264 1200.0 1.0 -32.575092799433136 77.0723571347877
546 78033.0 41.14492 1200.0 1.0 -32.57616546086223 70.88868085973311
547 270627.0 40.249287 1200.0 1.0 -32.58088584185009 76.68892221893208
548 1511015.0 -9.741083 1200.0 1.0 -32.58280951387984 85.01849880679363
549 285035.0 16.836987 1200.0 1.0 -32.5838561328434 88.48028466259574
550 54265.0 46.735188 1200.0 1.0 -32.58690584508124 81.11567250515648
551 254778.0 60.415428 1200.0 1.0 -32.58805145151591 84.55095655947628
552 2137233.0 2.077175 1200.0 1.0 -32.5893441253734 72.83924206046656
553 2288639.0 73.058441 1200.0 1.0 -32.59122145280058 65.26632858768306
554 40952.0 59.613464 1200.0 1.0 -32.59189391576904 74.5792841929143
555 58578.0 56.80051 1200.0 1.0 -32.591938708449476 84.36322876635914
556 2382034.0 27.435404 1200.0 1.0 -32.594362381993406 75.14215766905966
557 79464.0 46.96262 1200.0 1.0 -32.59616503412941 79.00406082655681
558 210874.0 18.815313 1200.0 1.0 -32.59868017660451 77.3255297635929
559 234612.0 67.248688 1200.0 1.0 -32.59939814524657 78.51950097628145
560 238946.0 34.028282 1200.0 1.0 -32.601072079673294 82.68719728257973
561 266665.0 46.907265 1200.0 1.0 -32.60410323929584 81.11665989148874
562 289354.0 21.005434 1200.0 1.0 -32.607919348923204 77.36894132712105
563 121234.0 24.021164 1200.0 1.0 -32.6079674211715 77.4254077461895
564 202954.0 17.842289 1200.0 1.0 -32.610124719977875 77.26319689679173
565 1560874.0 -7.675029 1200.0 1.0 -32.61017457909912 82.26743693501518
566 296913.0 46.62299 1200.0 1.0 -32.61142148543523 69.70485659598545
567 63265.0 73.104103 1200.0 1.0 -32.61396490621189 67.89347131410054
568 63993.0 48.850876 1200.0 1.0 -32.614006654239496 73.14619761608505
569 285384.0 46.246098 1200.0 1.0 -32.6163928979386 81.11624414987516
570 264873.0 1.186759 1200.0 1.0 -32.61674508540155 73.46513268175298
571 79828.0 22.641928 1200.0 1.0 -32.619221619176095 88.74944106110367
572 74074.0 29.051151 1200.0 1.0 -32.61949265029046 77.58550644651247
573 269914.0 30.571581 1200.0 1.0 -32.620055296346315 77.71088338512634
574 53913.0 47.244011 1200.0 1.0 -32.62125149058724 70.70446610158331
575 2568873.0 0.139028 1200.0 1.0 -32.62203805796395 73.7687459313762
576 236075.0 12.049908 1200.0 1.0 -32.62287605564206 85.99191456732939
577 1484554.0 -0.104864 1200.0 1.0 -32.62293882925233 73.7656325322849
578 77673.0 49.944096 1200.0 1.0 -32.6248506781815 74.68184097481233
579 294745.0 47.964596 1200.0 1.0 -32.625307070824846 79.00626849138591
580 35913.0 50.28392 1200.0 1.0 -32.62651672699737 75.13231204883148
581 37713.0 52.212811 1200.0 1.0 -32.627060689095266 73.86107646702541
582 263793.0 46.343102 1200.0 1.0 -32.628005158196814 69.70460163202172
583 2142993.0 46.444973 1200.0 1.0 -32.62810094573668 69.70409170409427
584 2145153.0 40.822571 1200.0 1.0 -32.62879765593187 70.88825521778034
585 296185.0 43.189384 1200.0 1.0 -32.629836413359335 88.90076797417315
586 287190.0 64.538414 1200.0 1.0 -32.631199528828034 64.64814487855274
587 52464.0 45.956062 1200.0 1.0 -32.63212403783031 81.115412666648
588 2588669.0 61.876884 1200.0 1.0 -32.63290185674291 56.40542203480344
589 2168374.0 5.293656 1200.0 1.0 -32.63298275935067 77.94039596578163
590 64714.0 23.931437 1200.0 1.0 -32.63410480044706 77.42807798408074
591 1483473.0 -3.514612 1200.0 1.0 -32.63437326922103 74.96006739593993
592 2593896.0 2.959073 1200.0 1.0 -32.637334619685646 75.9832043942422
593 292581.0 55.922935 1200.0 1.0 -32.638800976448195 87.59109511397625
594 1314993.0 -7.734147 1200.0 1.0 -32.640761019148776 77.31020726387277
595 268104.0 45.546803 1200.0 1.0 -32.64236472133601 83.58880740591778
596 225988.0 33.767818 1200.0 1.0 -32.64239776509565 82.6810420594592
597 1567175.0 -9.199299 1200.0 1.0 -32.64482468113911 85.02073450332381
598 227794.0 28.633629 1200.0 1.0 -32.646079515739416 75.24920327073112
599 1576354.0 -2.219214 1200.0 1.0 -32.64653728039221 74.42325987869461
600 2197713.0 -1.484887 1200.0 1.0 -32.646748607137866 74.73491084775307
601 36992.0 59.722008 1200.0 1.0 -32.647842157574345 74.57864068065632
602 288994.0 20.455978 1200.0 1.0 -32.6484615179257 77.34624078642834
603 219148.0 26.548416 1200.0 1.0 -32.650219261739245 76.41886006830879
604 211055.0 8.917493 1200.0 1.0 -32.650991144294245 85.11371741139617
605 262895.0 2.878804 1200.0 1.0 -32.65595861414677 75.6593959888111
606 236615.0 1.247821 1200.0 1.0 -32.657790816663834 75.39403081161996
607 45995.0 14.908655 1200.0 1.0 -32.65841642753395 87.36672361091898
608 2576075.0 14.438525 1200.0 1.0 -32.65841642753395 87.36628791807529
609 261274.0 34.192261 1200.0 1.0 -32.660884208118986 72.53084204115264
610 1484735.0 -5.088115 1200.0 1.0 -32.66101942847595 76.45258056910683
611 201498.0 59.105831 1200.0 1.0 -32.66116934523831 87.53435077523662
612 243978.0 58.56908 1200.0 1.0 -32.66199288860417 87.53382140164064
613 278188.0 34.425583 1200.0 1.0 -32.663383921259936 82.67843792660051
614 58235.0 18.974117 1200.0 1.0 -32.66423084153199 89.1876079988836
615 237507.0 33.017902 1200.0 1.0 -32.665802556641616 82.67829588299004
616 238954.0 18.40686 1200.0 1.0 -32.66587009019184 77.32170711253741
617 81257.0 61.252026 1200.0 1.0 -32.666340920340296 82.82411173772847
618 307713.0 3.663568 1200.0 1.0 -32.66669373390498 73.01292554459373
619 212668.0 29.493336 1200.0 1.0 -32.66797534382223 80.87803818754168
620 236074.0 11.521025 1200.0 1.0 -32.67075555289857 76.86751845027602
621 1541434.0 -7.192482 1200.0 1.0 -32.67147150295076 82.26460982677195
622 264695.0 2.65639 1200.0 1.0 -32.67202249656575 75.65981560579684
623 70827.0 43.32719 1200.0 1.0 -32.67373518475663 73.72095535198689
624 266305.0 71.923355 1200.0 1.0 -32.6753468899174 64.36939886328888
625 81256.0 62.089287 1200.0 1.0 -32.67542509608122 79.02819994153258
626 45627.0 37.083866 1200.0 1.0 -32.6781017215359 86.51131495649545
627 122659.0 59.691994 1200.0 1.0 -32.67884840100451 86.10077201150914
628 73714.0 57.063137 1200.0 1.0 -32.6792269594838 84.99050432313167
629 70112.0 52.850704 1200.0 1.0 -32.67962029770975 74.79642070795516
630 1464753.0 -7.886956 1200.0 1.0 -32.68048603285439 77.30864419927263
631 302674.0 15.692286 1200.0 1.0 -32.68232895692064 74.80487769108393
632 201145.0 73.750412 1200.0 1.0 -32.68300933242597 69.8848659400765
633 288634.0 36.139278 1200.0 1.0 -32.68391730977136 79.83351551589399
634 276034.0 22.361269 1200.0 1.0 -32.6840596876782 77.40428245359355
635 241825.0 43.517914 1200.0 1.0 -32.687352814378265 88.90017980428436
636 220235.0 22.109615 1200.0 1.0 -32.68746975126129 89.66716054039225
637 276035.0 21.590996 1200.0 1.0 -32.6882747350098 89.66738177540869
638 1534055.0 -8.014285 1200.0 1.0 -32.69013657747372 78.30675320534402
639 2590833.0 1.327495 1200.0 1.0 -32.69166716231552 73.46312904725777
640 265414.0 4.118426 1200.0 1.0 -32.692835120733164 77.16679361952707
641 2587776.0 -10.16258 1200.0 1.0 -32.69388911172538 76.12733923645577
642 2572655.0 6.190547 1200.0 1.0 -32.69393491539028 77.41903076419881
643 294033.0 45.979183 1200.0 1.0 -32.69520717040362 68.894798428526
644 1582295.0 -10.31408 1200.0 1.0 -32.69689790520183 82.27201774303005
645 196112.0 52.600853 1200.0 1.0 -32.69742548388954 73.86486550735091
646 254071.0 58.352703 1200.0 1.0 -32.69832824275842 61.075727484807
647 67594.0 24.979694 1200.0 1.0 -32.70343601988659 77.44410316989938
648 224194.0 22.355314 1200.0 1.0 -32.70355140613567 77.40428245359355
649 2353775.0 -0.602754 1200.0 1.0 -32.706294211780396 75.32847068190519
650 61474.0 33.13525 1200.0 1.0 -32.709555056588044 78.64078409651339
651 1257935.0 -3.033413 1200.0 1.0 -32.712323738047765 74.97800955947163
652 1570594.0 -3.895418 1200.0 1.0 -32.71271194365088 76.53800260898541
653 1539455.0 -10.284262 1200.0 1.0 -32.712724760470984 82.27201774303005
654 207275.0 19.195284 1200.0 1.0 -32.71315810668217 89.18700347029342
655 243635.0 10.109301 1200.0 1.0 -32.71586320201567 84.0020348474315
656 38071.0 56.304913 1200.0 1.0 -32.71742184130028 67.94665817122278
657 1317334.0 -1.380788 1200.0 1.0 -32.72028432256824 76.97173541475858
658 68854.0 5.316772 1200.0 1.0 -32.72200966117313 77.94039596578163
659 2126434.0 4.119123 1200.0 1.0 -32.72223472903975 75.59545310339625
660 220055.0 1.881846 1200.0 1.0 -32.72268396136096 75.65929108456466
661 294751.0 53.957413 1200.0 1.0 -32.724594289953345 62.07578487162221
662 232471.0 60.06588 1200.0 1.0 -32.72492385726151 65.57882153458249
663 253175.0 4.078816 1200.0 1.0 -32.72577441036477 76.11329905559818
664 253176.0 3.571872 1200.0 1.0 -32.72603617503202 77.0851140546005
665 305029.0 57.870018 1200.0 1.0 -32.726198324646596 67.41595324895265
666 2589215.0 3.848725 1200.0 1.0 -32.72658123618135 76.11482829881398
667 1485275.0 -0.11379 1200.0 1.0 -32.72683161705984 77.47031978671032
668 247569.0 68.340858 1200.0 1.0 -32.72689158833606 77.098509164516
669 273514.0 12.778265 1200.0 1.0 -32.72697582559443 76.97794579329683
670 252991.0 55.721092 1200.0 1.0 -32.728902069442896 66.08427388023635
671 2201675.0 -2.121464 1200.0 1.0 -32.728993840778756 78.48225236026097
672 56990.0 59.862183 1200.0 1.0 -32.72953931170955 66.86735584939608
673 2645907.0 38.098808 1200.0 1.0 -32.72995211997559 74.74580103870333
674 1473753.0 -2.408217 1200.0 1.0 -32.73007449860148 74.41943576445226
675 121592.0 54.020885 1200.0 1.0 -32.73149504413977 75.82462874122335
676 262896.0 2.917694 1200.0 1.0 -32.732635565490575 75.9832043942422
677 2500299.0 -7.757848 1200.0 1.0 -32.732677941343 81.96520146038067
678 308073.0 45.768513 1200.0 1.0 -32.73340508255274 68.31119998367826
679 59315.0 42.096645 1200.0 1.0 -32.734962095157194 82.96303506333014
680 205114.0 13.770519 1200.0 1.0 -32.735237511222245 77.07031809706952
681 1301674.0 -6.479508 1200.0 1.0 -32.73532486554866 82.26378119159719
682 2520455.0 3.983398 1200.0 1.0 -32.739208074240935 76.11329905559818
683 307714.0 0.909349 1200.0 1.0 -32.74239145727978 75.1452786174909
684 1494994.0 -6.050512 1200.0 1.0 -32.742643122048975 76.48945863460503
685 1547375.0 -5.334516 1200.0 1.0 -32.74344244216097 74.98433795211533
686 254777.0 60.408199 1200.0 1.0 -32.7442989619013 84.55104028485229
687 1518215.0 -11.336175 1200.0 1.0 -32.7464582225423 82.27070215914301
688 80194.0 23.913597 1200.0 1.0 -32.74659914164636 77.42424379633948
689 287905.0 43.390949 1200.0 1.0 -32.747467383617504 88.90126791857863
690 210148.0 67.840202 1200.0 1.0 -32.74823831593562 63.459104086733866
691 1477535.0 -1.277653 1200.0 1.0 -32.74825572129466 75.48026442311037
692 74427.0 40.405869 1200.0 1.0 -32.749507704546446 76.68892221893208
693 247947.0 34.618103 1200.0 1.0 -32.74959292328776 82.67820118724973
694 1149389.0 22.810484 1200.0 1.0 -32.751124184509656 88.74773862681926
695 2586868.0 67.609291 1200.0 1.0 -32.7512084145421 62.03643581484934
696 229228.0 33.915764 1200.0 1.0 -32.75201155866944 82.67895875317225
697 61456.0 63.633018 1200.0 1.0 -32.75409545105808 77.46365462755669
698 266673.0 46.326939 1200.0 1.0 -32.754927052431306 69.70460163202172
699 124832.0 54.769798 1200.0 1.0 -32.75505986404306 76.60161022920774
700 269194.0 4.276059 1200.0 1.0 -32.75737451121583 75.59354660698891
701 123745.0 72.782959 1200.0 1.0 -32.75743503624154 66.7478644677279
702 236434.0 10.174114 1200.0 1.0 -32.75926606979026 76.6831084342478
703 78752.0 53.542027 1200.0 1.0 -32.759509949149574 75.82299866798252
704 42394.0 19.208393 1200.0 1.0 -32.760439220038606 77.32163632270304
705 194674.0 23.242929 1200.0 1.0 -32.7610173720703 74.95036796425637
706 1551695.0 -1.892806 1200.0 1.0 -32.764993166398355 75.71619272454718
707 58946.0 40.121048 1200.0 1.0 -32.76501968892007 76.69215929595724
708 288995.0 21.902897 1200.0 1.0 -32.76900980606607 89.66790720857273
709 63628.0 27.597795 1200.0 1.0 -32.769018558194965 89.8527575382921
710 201497.0 59.2939 1200.0 1.0 -32.76988500467192 86.09994939418185
711 67953.0 47.398087 1200.0 1.0 -32.77065144002895 70.7040265843262
712 2559874.0 -4.677274 1200.0 1.0 -32.77102782575342 75.6814989355904
713 299974.0 1.773903 1200.0 1.0 -32.7710524963246 76.60705990178896
714 1483113.0 -0.999899 1200.0 1.0 -32.77106344174726 74.28386658341198
715 2160456.0 -0.489499 1200.0 1.0 -32.77128541742764 75.32400246084804
716 213215.0 4.400553 1200.0 1.0 -32.77132054785437 76.67596121250499
717 260907.0 33.139851 1200.0 1.0 -32.77173615516145 82.67829588299004
718 197540.0 56.630226 1200.0 1.0 -32.7773808076592 87.59310343212627
719 2042554.0 -2.874476 1200.0 1.0 -32.77824156958513 75.94753168661799
720 2019504.0 48.37611 1200.0 1.0 -32.77829544354169 76.90198904309482
721 204029.0 65.211411 1200.0 1.0 -32.78159860204257 67.93158776184568
722 1035993.0 57.516479 1200.0 1.0 -32.782051233471904 84.99168560501941
723 259092.0 66.905937 1200.0 1.0 -32.78271707485324 80.2004305593666
724 122660.0 55.567856 1200.0 1.0 -32.783234435208165 87.5913914232115
725 243980.0 57.677414 1200.0 1.0 -32.784068082182486 84.36018827288136
726 125554.0 12.585088 1200.0 1.0 -32.78430929862738 76.98034964879548
727 255150.0 63.119137 1200.0 1.0 -32.78559483299599 61.053776190718686
728 1259554.0 -4.231345 1200.0 1.0 -32.78634230452332 76.54075731622177
729 1300953.0 -1.524717 1200.0 1.0 -32.78788027065344 74.73924440061013
730 58574.0 59.663273 1200.0 1.0 -32.78853756874088 88.847788229884
731 1357834.0 -6.748353 1200.0 1.0 -32.788657947067954 82.26441485378965
732 59666.0 69.985336 1200.0 1.0 -32.789278902207194 60.37154862898627
733 299976.0 1.351431 1200.0 1.0 -32.79030732432875 77.59110792477547
734 270269.0 22.923574 1200.0 1.0 -32.790455366936 88.75144216806954
735 201499.0 57.738621 1200.0 1.0 -32.79099241607414 84.36225749760929
736 1557455.0 -2.512961 1200.0 1.0 -32.791212512466096 75.7132947847204
737 267387.0 42.571545 1200.0 1.0 -32.79187780473892 73.71337539905231
738 40939.0 59.447971 1200.0 1.0 -32.79234790514237 87.53401991673914
739 280346.0 37.037006 1200.0 1.0 -32.793396402375926 86.51160304587563
740 2133459.0 -7.671844 1200.0 1.0 -32.79487886478398 81.96460819286169
741 82334.0 66.35363 1200.0 1.0 -32.79550003032693 75.40395508819047
742 1482394.0 -0.360791 1200.0 1.0 -32.79746684381542 75.24590527024256
743 1553495.0 -7.982661 1200.0 1.0 -32.79765989353079 78.30607041128664
744 2559869.0 64.343292 1200.0 1.0 -32.79781382702555 65.79914060347822
745 254060.0 55.250286 1200.0 1.0 -32.80104933660411 87.58655170570245
746 284304.0 48.079174 1200.0 1.0 -32.80118341187089 77.41055994504647
747 200071.0 54.994846 1200.0 1.0 -32.802237532658864 64.21041142250478
748 234611.0 66.709312 1200.0 1.0 -32.802783445448064 78.51833657515266
749 1557993.0 -0.32168 1200.0 1.0 -32.8030178060409 74.28965704895013
750 202955.0 17.058968 1200.0 1.0 -32.80390511371695 88.48062172369059
751 210513.0 40.032799 1200.0 1.0 -32.80558151849025 74.39044134057978
752 2562934.0 6.2782 1200.0 1.0 -32.80576304670688 83.36325405643984
753 2593895.0 2.751638 1200.0 1.0 -32.80605045083947 75.65981560579684
754 290793.0 40.232895 1200.0 1.0 -32.806288872630816 74.38340448291821
755 43114.0 24.67658 1200.0 1.0 -32.80699348073731 75.01986658398855
756 79834.0 22.476313 1200.0 1.0 -32.80872613208257 77.40324723961535
757 307689.0 68.365417 1200.0 1.0 -32.8092102374041 77.098509164516
758 256228.0 22.273525 1200.0 1.0 -32.8104131498274 88.75269659333175
759 124824.0 45.876003 1200.0 1.0 -32.81381049890268 81.1152567635429
760 2221296.0 -3.765862 1200.0 1.0 -32.8138143486691 75.1280219370729
761 2079264.0 47.888428 1200.0 1.0 -32.817389203912484 77.40655978631209
762 2143711.0 59.960266 1200.0 1.0 -32.817472169242095 65.57683813577508
763 2588652.0 60.739193 1200.0 1.0 -32.81755208351318 87.02718706521276
764 1495895.0 -3.526375 1200.0 1.0 -32.818195553209954 76.08944265001088
765 197901.0 57.901978 1200.0 1.0 -32.82002564835805 84.36394666065252
766 1545214.0 -1.597628 1200.0 1.0 -32.820066807098335 76.97251203830538
767 292235.0 11.543711 1200.0 1.0 -32.82205016174318 85.99357397793102
768 1558535.0 -4.173991 1200.0 1.0 -32.822067774666664 74.89116728026647
769 229234.0 35.841915 1200.0 1.0 -32.82456602316864 72.97396462527536
770 2032114.0 -2.87604 1200.0 1.0 -32.825185380997304 75.94753168661799
771 1492296.0 -3.970701 1200.0 1.0 -32.82689581327037 74.88598108270463
772 251194.0 1.422447 1200.0 1.0 -32.82742280016751 75.2249392710576
773 75154.0 26.145802 1200.0 1.0 -32.82782620787402 75.07824999030714
774 267034.0 26.086952 1200.0 1.0 -32.82782620787402 75.07824999030714
775 1580855.0 -10.421769 1200.0 1.0 -32.82799979646682 82.26997127920578
776 1536033.0 -0.02003 1200.0 1.0 -32.82835560818188 73.76844941717702
777 224906.0 69.411453 1200.0 1.0 -32.829669855127605 57.69157978398778
778 267393.0 46.237091 1200.0 1.0 -32.82989564247477 69.70587645184038
779 1150108.0 22.303284 1200.0 1.0 -32.830570943626306 88.74818663584146
780 1079555.0 24.391321 1200.0 1.0 -32.8309720793236 89.86131333883999
781 266664.0 46.363068 1200.0 1.0 -32.833590051231475 81.11634808527856
782 2588654.0 61.111645 1200.0 1.0 -32.833611174502295 88.84817201262044
783 1298434.0 -1.155205 1200.0 1.0 -32.83538572836526 74.06823322432105
784 1317514.0 -2.23144 1200.0 1.0 -32.83654421561687 74.42325987869461
785 240745.0 45.220772 1200.0 1.0 -32.838401628698314 85.57127122815646
786 299794.0 17.915377 1200.0 1.0 -32.83848150603623 77.26470051821525
787 238947.0 34.611977 1200.0 1.0 -32.83966994069939 82.67820118724973
788 274227.0 34.10062 1200.0 1.0 -32.83966994069939 82.68558745499436
789 2341536.0 -7.524558 1200.0 1.0 -32.83977228712337 75.40053752120933
790 268655.0 2.34501 1200.0 1.0 -32.83994149584117 75.65950089305753
791 2135255.0 -8.355947 1200.0 1.0 -32.84180655179507 78.30402202911449
792 251735.0 7.962173 1200.0 1.0 -32.84189013002138 85.11343427034873
793 1313735.0 -9.414457 1200.0 1.0 -32.84236429663326 85.02398642554954
794 225814.0 5.483828 1200.0 1.0 -32.843177994677205 77.94058573823855
795 2086469.0 26.5508 1200.0 1.0 -32.84604062036622 76.4164805265079
796 1208975.0 -5.099468 1200.0 1.0 -32.84659753344576 76.45258056910683
797 2586504.0 47.672497 1200.0 1.0 -32.84713211815335 77.41028407203031
798 2559873.0 -4.969217 1200.0 1.0 -32.85023517082514 75.99526407025002
799 239656.0 63.585014 1200.0 1.0 -32.85051932632126 77.46365462755669
800 268473.0 2.267981 1200.0 1.0 -32.8515377566126 73.24003850780431
801 2590295.0 8.49979 1200.0 1.0 -32.85166794517213 85.11213991127477
802 269184.0 45.12402 1200.0 1.0 -32.8541874427293 83.5873699913663
803 1487256.0 -8.781876 1200.0 1.0 -32.854630964711234 75.72559944312843
804 66497.0 60.820675 1200.0 1.0 -32.85512614732103 82.82387722445485
805 2585769.0 70.72953 1200.0 1.0 -32.85650678831845 76.26714783420492
806 40938.0 58.276024 1200.0 1.0 -32.85709332490982 88.82314214164461
807 2135258.0 -8.464404 1200.0 1.0 -32.85745032896727 81.9612957825474
808 248650.0 66.991745 1200.0 1.0 -32.86014573748403 78.51692703694411
809 2177551.0 -9.529766 1200.0 1.0 -32.860392205695305 86.3476600197029
810 233551.0 59.056713 1200.0 1.0 -32.86139281063942 63.44470326690915
811 279096.0 6.337358 1200.0 1.0 -32.86204127366436 77.08986042630715
812 41648.0 70.064629 1200.0 1.0 -32.86261368939229 76.26825058131494
813 1079194.0 39.171803 1200.0 1.0 -32.862948402123116 81.33316778358706
814 206548.0 68.182999 1200.0 1.0 -32.865094082950776 63.46006401825212
815 239657.0 63.921379 1200.0 1.0 -32.865439154585374 77.46466491609436
816 47434.0 26.96147 1200.0 1.0 -32.865646909558805 77.49103003865726
817 267024.0 46.028973 1200.0 1.0 -32.86634961969618 81.115412666648
818 2140461.0 57.827473 1200.0 1.0 -32.86711973348051 84.36394666065252
819 234094.0 0.63223 1200.0 1.0 -32.867545689881986 76.59307810679591
820 219149.0 26.48036 1200.0 1.0 -32.8678076128069 76.41612800179665
821 1494273.0 -3.846071 1200.0 1.0 -32.86799337355033 75.51412280958921
822 227074.0 8.606146 1200.0 1.0 -32.86965076665573 76.50318923451681
823 287554.0 12.440176 1200.0 1.0 -32.87082884596757 76.97748053094226
824 71548.0 66.72245 1200.0 1.0 -32.871191496765476 59.10729294930197
825 302308.0 21.343813 1200.0 1.0 -32.87150293379305 88.75027734461179
826 61833.0 43.800804 1200.0 1.0 -32.87213708215811 86.3001326314409
827 1036715.0 42.557838 1200.0 1.0 -32.87213708215811 86.2946666028532
828 288275.0 7.405385 1200.0 1.0 -32.872332940891916 81.41027806786649
829 1576895.0 -8.033715 1200.0 1.0 -32.872580765909085 78.30489103973298
830 295473.0 40.845818 1200.0 1.0 -32.874218630472086 70.88910650168589
831 1550434.0 -1.331607 1200.0 1.0 -32.874406517127895 74.06470476394882
832 282154.0 17.394127 1200.0 1.0 -32.87473633026632 77.26620413963879
833 69755.0 16.969419 1200.0 1.0 -32.87517417470335 88.48068300752601
834 126824.0 28.146688 1200.0 1.0 -32.87551969953036 77.55531807484111
835 249754.0 0.186578 1200.0 1.0 -32.87595304839403 75.14412319482447
836 226713.0 1.952358 1200.0 1.0 -32.87688907419012 72.83924206046656
837 1548275.0 -6.988253 1200.0 1.0 -32.87691901700795 82.25700588046253
838 279634.0 10.484525 1200.0 1.0 -32.87739039288584 76.68468673145007
839 301235.0 13.939997 1200.0 1.0 -32.87947242513367 87.3661873735729
840 1563936.0 -11.262878 1200.0 1.0 -32.881732578443106 76.45895384289784
841 264515.0 14.440599 1200.0 1.0 -32.88198684805522 87.36628791807529
842 238584.0 52.470158 1200.0 1.0 -32.88367080289525 74.18606636676827
843 2589216.0 3.928748 1200.0 1.0 -32.88466997300342 76.22324174794264
844 1544136.0 -1.834591 1200.0 1.0 -32.8859299911415 75.12047680455058
845 2577501.0 56.64389 1200.0 1.0 -32.8861191641843 87.59392651333529
846 197179.0 54.484329 1200.0 1.0 -32.8861191641843 87.58707847767623
847 233194.0 4.626849 1200.0 1.0 -32.88732967613477 72.76401493219387
848 1302393.0 -1.705046 1200.0 1.0 -32.8876473449133 74.73639663730405
849 231575.0 5.355198 1200.0 1.0 -32.88844408682733 76.56492787022574
850 1356394.0 -8.160167 1200.0 1.0 -32.890175459905336 82.25885812379431
851 263615.0 0.358698 1200.0 1.0 -32.89089092906286 75.344089962209
852 228498.0 59.098072 1200.0 1.0 -32.89096312014781 87.53435077523662
853 224546.0 69.847633 1200.0 1.0 -32.894037394210336 60.37215614352566
854 2583624.0 45.665257 1200.0 1.0 -32.89451931917081 83.58903200194145
855 298713.0 41.145916 1200.0 1.0 -32.89520011584267 70.88868085973311
856 280713.0 48.334026 1200.0 1.0 -32.895305492426935 72.58395726000522
857 204751.0 59.884037 1200.0 1.0 -32.89550260603804 65.58159829291287
858 200418.0 57.707169 1200.0 1.0 -32.89698513216005 88.8229054258547
859 2045269.0 40.206833 1200.0 1.0 -32.89707079446248 88.86423963632194
860 56615.0 10.426445 1200.0 1.0 -32.897620408474396 89.23041995949211
861 294753.0 49.212391 1200.0 1.0 -32.89831063265708 73.66291366339406
862 290067.0 39.344128 1200.0 1.0 -32.90104067747396 72.20759600762369
863 289712.0 52.259232 1200.0 1.0 -32.90135255458116 73.86151366398605
864 253354.0 4.889662 1200.0 1.0 -32.90148836944602 72.7655456968693
865 1485455.0 -2.724269 1200.0 1.0 -32.901656970366076 75.71350178042232
866 2133455.0 -7.908026 1200.0 1.0 -32.90219060886775 78.30607041128664
867 287555.0 12.498223 1200.0 1.0 -32.90326753768602 85.99315912528061
868 2296713.0 -8.103422 1200.0 1.0 -32.90334013959832 77.30843105409988
869 265416.0 5.6126 1200.0 1.0 -32.903712194398935 76.56484224486978
870 2111673.0 4.937457 1200.0 1.0 -32.9040009502995 72.75993289305943
871 236616.0 2.993711 1200.0 1.0 -32.90517501713201 75.98438199734122
872 2207434.0 -5.956845 1200.0 1.0 -32.905348376132416 76.48867502656788
873 234095.0 1.713617 1200.0 1.0 -32.90541729627631 75.3891782240315
874 2623954.0 22.206772 1200.0 1.0 -32.90603842930983 74.89321755425401
875 74786.0 41.781193 1200.0 1.0 -32.907094871327445 74.59404713455427
876 1534056.0 -8.092888 1200.0 1.0 -32.90727567345856 72.25367983819274
877 2329656.0 8.011956 1200.0 1.0 -32.908518347494905 78.25019675766823
878 1485273.0 -1.095125 1200.0 1.0 -32.909063431447024 74.0663984249275
879 2019505.0 48.401569 1200.0 1.0 -32.91214890498 77.40911161171161
880 1483474.0 -3.845455 1200.0 1.0 -32.91228397142322 76.53636700156382
881 218434.0 27.007696 1200.0 1.0 -32.912476524405946 77.48988826486459
882 60394.0 12.295082 1200.0 1.0 -32.91350143484634 76.97670509368463
883 262535.0 4.65354 1200.0 1.0 -32.913839708175026 76.67670935040441
884 73348.0 21.369741 1200.0 1.0 -32.91409034187896 88.75027734461179
885 2137234.0 2.525097 1200.0 1.0 -32.91513813617788 73.23956006749884
886 234993.0 2.293541 1200.0 1.0 -32.91513813617788 73.24003850780431
887 1564473.0 -2.743937 1200.0 1.0 -32.916212372024724 75.15290161598762
888 2288433.0 -8.549579 1200.0 1.0 -32.916826296622645 80.19543918618737
889 1300955.0 -2.391386 1200.0 1.0 -32.916830922407655 78.48415564601801
890 257666.0 69.768333 1200.0 1.0 -32.91802528758212 59.428825701771515
891 2562936.0 6.701873 1200.0 1.0 -32.9196205464684 77.08970989220897
892 63266.0 72.010498 1200.0 1.0 -32.92109892204864 64.3729370347177
893 1545216.0 -2.813734 1200.0 1.0 -32.92172428535075 74.97562144977542
894 1565194.0 -7.513235 1200.0 1.0 -32.92184432874251 82.2577857723917
895 1306536.0 -4.264747 1200.0 1.0 -32.92255711772184 74.89092606177522
896 243634.0 9.916246 1200.0 1.0 -32.92350834696699 76.68368991216443
897 249752.0 0.928771 1200.0 1.0 -32.92621481730121 74.94245681873291
898 290434.0 20.984896 1200.0 1.0 -32.92841044335516 77.36894132712105
899 263616.0 0.371564 1200.0 1.0 -32.92864216337591 75.54789629892025
900 1491033.0 -1.32453 1200.0 1.0 -32.92870881728791 74.06668070175726
901 125194.0 38.321171 1200.0 1.0 -32.92892299623582 80.55238133254664
902 2517749.0 18.538128 1200.0 1.0 -32.929226920373786 79.81611537617418
903 1562496.0 -3.114514 1200.0 1.0 -32.929275843421735 74.97836777592607
904 307535.0 5.742174 1200.0 1.0 -32.92947298181317 77.41607137675899
905 295826.0 71.819862 1200.0 1.0 -32.92980288705415 63.0917921265706
906 60395.0 12.285617 1200.0 1.0 -32.93159602059963 85.99300826977138
