index RAJ2000 DEJ2000 exptime Nvis LogProb contour
0 237053.0 25.972116 1200.0 1.0 -26.610215276442265 82.10678269370891
1 274495.0 34.047459 1200.0 1.0 -28.182577205405902 89.72767619587721
2 2040651.0 21.117458 1200.0 1.0 -28.288870149175604 89.85558492287475
3 2584252.0 23.949547 1200.0 1.0 -28.357048693747057 89.42994306533365
4 284931.0 20.534166 1200.0 1.0 -28.375319155865128 87.66526646319292
5 48771.0 20.966358 1200.0 1.0 -28.49758095452633 89.85986364860736
6 2100051.0 21.273998 1200.0 1.0 -28.52573414965077 87.27278344589051
7 79733.0 24.666866 1200.0 1.0 -28.53100066248814 81.56474187470235
8 79732.0 24.347696 1200.0 1.0 -28.538364634528918 86.63036209291806
9 289251.0 21.111107 1200.0 1.0 -28.713619830018494 89.85558492287475
10 2123812.0 24.28726 1200.0 1.0 -28.720183435371194 86.63036209291806
11 227691.0 19.658455 1200.0 1.0 -28.746816276120164 85.22986735093279
12 2598653.0 26.374685 1200.0 1.0 -28.760413319102437 86.45303630491708
13 246057.0 33.564636 1200.0 1.0 -28.78275811211657 84.35882490410592
14 46610.0 18.694086 1200.0 1.0 -28.822220225076407 87.86926090111132
15 207171.0 20.957726 1200.0 1.0 -28.83897544888823 89.85986364860736
16 205009.0 15.631359 1200.0 1.0 -28.85572208176081 87.9247135267888
17 258290.0 17.630821 1200.0 1.0 -28.87329578177413 87.73893537992316
18 2658773.0 26.683023 1200.0 1.0 -28.898473532156185 88.90244405487894
19 223733.0 27.283754 1200.0 1.0 -28.908813712544866 86.73954790193955
20 302572.0 22.867775 1200.0 1.0 -28.92162083199158 84.45119485139392
21 2144691.0 21.36935 1200.0 1.0 -28.95740126128608 87.27822103833918
22 2598654.0 29.613628 1200.0 1.0 -28.9600297684185 86.0125131958122
23 224453.0 27.236217 1200.0 1.0 -28.977834115501015 88.90417877244795
24 221213.0 25.414167 1200.0 1.0 -28.987317960559494 83.95072184345395
25 212572.0 23.105711 1200.0 1.0 -29.010427908337615 87.061372830469
26 232733.0 26.142586 1200.0 1.0 -29.01302290016068 86.45669205727225
27 1070094.0 28.950047 1200.0 1.0 -29.029872023466933 88.64759950691975
28 2623493.0 23.580999 1200.0 1.0 -29.036369263926314 79.52551670344465
29 205372.0 23.152399 1200.0 1.0 -29.048332077178504 87.061372830469
30 121132.0 23.376671 1200.0 1.0 -29.086962005857924 87.06237803392784
31 124012.0 24.309942 1200.0 1.0 -29.089774260607225 86.63036209291806
32 2588791.0 8.310847 1200.0 1.0 -29.102122814790423 85.9640639764495
33 2583550.0 69.861946 1200.0 1.0 -29.135684161196917 82.38816348166527
34 2040652.0 21.213579 1200.0 1.0 -29.146331792979733 80.48216991869957
35 256129.0 15.636079 1200.0 1.0 -29.164222759008034 87.9247135267888
36 54891.0 20.389853 1200.0 1.0 -29.17945194251058 87.66334769743229
37 2018911.0 8.276927 1200.0 1.0 -29.188310205820297 85.96352501163051
38 42651.0 19.9631 1200.0 1.0 -29.188417949992 85.22418968541972
39 2590009.0 15.640052 1200.0 1.0 -29.193034168363095 87.9247135267888
40 302570.0 18.565813 1200.0 1.0 -29.203334382662117 87.86879007221302
41 213651.0 20.730602 1200.0 1.0 -29.207963118551124 84.70808845290168
42 2143614.0 28.761475 1200.0 1.0 -29.216094016333006 83.69758313121045
43 63889.0 15.91753 1200.0 1.0 -29.224017566423196 87.92049265928958
44 292854.0 29.494099 1200.0 1.0 -29.23451391676719 86.01305034562087
45 276654.0 30.318869 1200.0 1.0 -29.241843124447247 88.24013996240565
46 73251.0 20.748247 1200.0 1.0 -29.28734104812917 84.70808845290168
47 2583892.0 22.805178 1200.0 1.0 -29.2913839135126 84.45119485139392
48 76873.0 73.12986 1200.0 1.0 -29.29160195970517 87.57329700269729
49 243171.0 20.596972 1200.0 1.0 -29.295954127512918 87.66238831455198
50 2120932.0 22.825653 1200.0 1.0 -29.33120770703568 84.45119485139392
51 272190.0 10.250759 1200.0 1.0 -29.35368120509915 88.77608596220585
52 2304913.0 73.828087 1200.0 1.0 -29.35968761191511 88.27561295419333
53 2584253.0 24.032383 1200.0 1.0 -29.381541528932 79.99438450223086
54 73971.0 19.975212 1200.0 1.0 -29.38188779645728 85.22418968541972
55 71809.0 15.513793 1200.0 1.0 -29.386463281285113 87.92565149734418
56 272330.0 16.970417 1200.0 1.0 -29.391657205937694 85.30056441396498
57 273774.0 28.717373 1200.0 1.0 -29.396218812844253 83.69758313121045
58 209694.0 28.252308 1200.0 1.0 -29.40023624137644 81.37184634250826
59 241390.0 69.056473 1200.0 1.0 -29.40225317409951 80.8454214283678
60 216174.0 29.610352 1200.0 1.0 -29.4115415772284 86.0125131958122
61 2113592.0 5.701594 1200.0 1.0 -29.424346876971693 81.03780617759362
62 238854.0 28.709509 1200.0 1.0 -29.4275635322786 83.69758313121045
63 277373.0 27.971981 1200.0 1.0 -29.434139059644203 89.03923300009102
64 68429.0 10.922452 1200.0 1.0 -29.445111588556575 80.96533674132571
65 2100052.0 21.580673 1200.0 1.0 -29.45678558952735 80.48431681738943
66 54533.0 26.872004 1200.0 1.0 -29.459853952396355 88.90547981062471
67 260114.0 73.786858 1200.0 1.0 -29.46253267506792 88.277430636477
68 2556912.0 71.912102 1200.0 1.0 -29.463883983003154 86.06505738314678
69 63174.0 27.410925 1200.0 1.0 -29.47746404196127 80.015503691489
70 122236.0 73.791367 1200.0 1.0 -29.479111652429584 78.26019983660062
71 2444593.0 73.876556 1200.0 1.0 -29.488722409931878 88.27561295419333
72 63032.0 5.811994 1200.0 1.0 -29.49102573195515 81.03780617759362
73 253466.0 17.461643 1200.0 1.0 -29.493040110558237 88.88856587221056
74 200692.0 22.928686 1200.0 1.0 -29.494907536534203 81.54841707499546
75 197093.0 26.065289 1200.0 1.0 -29.497320566755985 86.44938055256189
76 47334.0 28.738443 1200.0 1.0 -29.499487938975605 83.69758313121045
77 251453.0 27.271652 1200.0 1.0 -29.5033127604822 86.73954790193955
78 67490.0 17.429882 1200.0 1.0 -29.507777067430865 83.25884439593501
79 214367.0 11.110377 1200.0 1.0 -29.515347912332864 88.491919196631
80 40492.0 22.519518 1200.0 1.0 -29.515971295170832 84.45178576954856
81 286033.0 72.466629 1200.0 1.0 -29.532324730173862 87.14654837579332
82 224832.0 69.35997 1200.0 1.0 -29.532842657489393 73.10075683257098
83 195653.0 26.814285 1200.0 1.0 -29.5355772029223 88.90547981062471
84 2507066.0 17.168707 1200.0 1.0 -29.545193999491957 88.89246942308431
85 61010.0 17.242563 1200.0 1.0 -29.559150930110928 83.26768693883196
86 259010.0 18.640385 1200.0 1.0 -29.562425805262077 87.86879007221302
87 248591.0 68.819107 1200.0 1.0 -29.56799239207834 72.19241503853394
88 250033.0 70.299202 1200.0 1.0 -29.568361258905213 74.44059114977517
89 2431115.0 0.72901 1200.0 1.0 -29.5734753698957 70.6091157390871
90 212931.0 21.423332 1200.0 1.0 -29.577916978868096 87.2797040180979
91 305831.0 69.805725 1200.0 1.0 -29.57846930094994 82.38223866678547
92 264409.0 14.9183 1200.0 1.0 -29.581832820475363 85.56295322094492
93 63551.0 71.635872 1200.0 1.0 -29.58641722884328 85.59234933399208
94 239212.0 21.254816 1200.0 1.0 -29.600028388435334 80.48216991869957
95 41211.0 21.4245 1200.0 1.0 -29.60063600986943 87.2797040180979
96 60290.0 17.396606 1200.0 1.0 -29.60314290942385 83.26516049800426
97 229134.0 28.735413 1200.0 1.0 -29.61716663964646 83.69758313121045
98 291413.0 27.281006 1200.0 1.0 -29.618843910561992 86.73954790193955
99 2123813.0 24.215805 1200.0 1.0 -29.619069471558852 79.98855635145074
100 39413.0 23.686481 1200.0 1.0 -29.624113284903157 79.52179466839698
101 2635955.0 1.303112 1200.0 1.0 -29.62853658354956 76.02184007986446
102 218333.0 25.238667 1200.0 1.0 -29.630482282827824 81.56338153142862
103 270172.0 21.508741 1200.0 1.0 -29.63222752895764 80.48431681738943
104 250032.0 70.194527 1200.0 1.0 -29.637053173415126 74.00493296382429
105 49854.0 29.308504 1200.0 1.0 -29.642237812002676 86.00982744676887
106 210772.0 23.193573 1200.0 1.0 -29.64760535749587 87.061372830469
107 2278833.0 4.576725 1200.0 1.0 -29.648693386974752 84.50373444699962
108 2620972.0 21.531609 1200.0 1.0 -29.64893338901575 80.48431681738943
109 71810.0 17.277967 1200.0 1.0 -29.649814078036307 83.26073922655578
110 125095.0 32.226715 1200.0 1.0 -29.65077748099689 86.19616616759347
111 2524360.0 -8.084592 1200.0 1.0 -29.655254224924743 32.65121547610777
112 71473.0 73.948502 1200.0 1.0 -29.659758279072687 88.27515853362242
113 232229.0 10.730553 1200.0 1.0 -29.662035819067814 80.97232412086923
114 245906.0 17.419022 1200.0 1.0 -29.66654669188606 88.88726468858599
115 257592.0 68.559425 1200.0 1.0 -29.676686538364635 72.19031716322904
116 1149289.0 15.826644 1200.0 1.0 -29.677766216156513 87.92049265928958
117 306895.0 29.965477 1200.0 1.0 -29.67790154258668 81.84321819013647
118 35094.0 28.638012 1200.0 1.0 -29.69183493737465 83.69265101898169
119 124015.0 30.508945 1200.0 1.0 -29.691897163972857 81.13884069230546
120 57775.0 31.668852 1200.0 1.0 -29.69358188903943 84.24462012858717
121 227693.0 22.746513 1200.0 1.0 -29.694956566041764 80.21293446108442
122 288892.0 21.849043 1200.0 1.0 -29.702406069682283 82.1287520207739
123 260672.0 5.735748 1200.0 1.0 -29.705237806751324 81.03780617759362
124 291054.0 30.204119 1200.0 1.0 -29.70820913501008 88.24013996240565
125 287813.0 25.524843 1200.0 1.0 -29.709186943782864 83.94342732763523
126 257929.0 14.152105 1200.0 1.0 -29.709841439485054 85.96891443516552
127 247854.0 28.692831 1200.0 1.0 -29.718787239738663 83.69758313121045
128 286035.0 73.75164 1200.0 1.0 -29.720707798064506 78.25861680535596
129 262473.0 4.109928 1200.0 1.0 -29.721319145409986 75.19269110537327
130 255410.0 18.532043 1200.0 1.0 -29.721364725292855 87.86737758551814
131 245333.0 25.036055 1200.0 1.0 -29.73569028726501 81.55725998669679
132 80090.0 17.034458 1200.0 1.0 -29.74010576805855 85.29660900327607
133 265353.0 4.039501 1200.0 1.0 -29.74656391982313 75.19916918566764
134 307970.0 17.157436 1200.0 1.0 -29.74707078385516 83.26768693883196
135 250030.0 70.091614 1200.0 1.0 -29.747881528252854 82.38355529231431
136 222675.0 72.596115 1200.0 1.0 -29.759033780094914 77.0398962904337
137 213312.0 72.28434 1200.0 1.0 -29.761175566688646 86.62002717715825
138 2108329.0 15.306222 1200.0 1.0 -29.767737898812623 85.5685044672158
139 221430.0 9.456903 1200.0 1.0 -29.77573079175187 81.1899343567844
140 276292.0 23.065668 1200.0 1.0 -29.776736337445076 81.54841707499546
141 203569.0 15.818148 1200.0 1.0 -29.77701837484977 87.92049265928958
142 271973.0 25.044308 1200.0 1.0 -29.77935908233812 81.55725998669679
143 44455.0 29.986374 1200.0 1.0 -29.784835544966537 81.84321819013647
144 296474.0 72.220467 1200.0 1.0 -29.79468752861494 76.57591386306007
145 198554.0 72.499947 1200.0 1.0 -29.79468752861494 76.57677784804089
146 250031.0 71.499535 1200.0 1.0 -29.798544611550657 85.19063377019242
147 235991.0 71.650337 1200.0 1.0 -29.8056836296954 85.59234933399208
148 305812.0 21.500656 1200.0 1.0 -29.806635807632063 80.48431681738943
149 265355.0 0.639779 1200.0 1.0 -29.818098260287222 70.6091157390871
150 124014.0 30.233688 1200.0 1.0 -29.819573018881055 88.24013996240565
151 1150230.0 9.648177 1200.0 1.0 -29.83351736933982 81.18855611031857
152 257588.0 67.028046 1200.0 1.0 -29.83694157401102 87.12354854083924
153 2126194.0 2.899445 1200.0 1.0 -29.839771754624973 86.27341162353095
154 223734.0 27.093197 1200.0 1.0 -29.84099063013497 80.02278326662203
155 2100775.0 32.951443 1200.0 1.0 -29.84209405151083 88.1670792495813
156 2215632.0 71.867218 1200.0 1.0 -29.84527886579819 86.0623813426795
157 64475.0 1.732457 1200.0 1.0 -29.847276801661625 84.77107084141554
158 272692.0 22.249001 1200.0 1.0 -29.850514250044778 82.13341143365238
159 54753.0 5.373907 1200.0 1.0 -29.850884873253715 88.10893941028645
160 249512.0 5.285429 1200.0 1.0 -29.85163826573054 69.74072950452667
161 235994.0 70.91597 1200.0 1.0 -29.86013515611846 70.76600592845644
162 257590.0 67.366333 1200.0 1.0 -29.86360883667715 77.98032161134512
163 55615.0 31.513678 1200.0 1.0 -29.867116768890433 84.24879800722202
164 213313.0 72.546288 1200.0 1.0 -29.869839438892694 87.15004663288708
165 51675.0 71.599548 1200.0 1.0 -29.87521206171177 71.03840773635558
166 248590.0 68.505196 1200.0 1.0 -29.876956842185674 80.04896679460238
167 54534.0 27.215609 1200.0 1.0 -29.877553896815378 80.0125918614358
168 287455.0 32.313805 1200.0 1.0 -29.879275623383275 86.19616616759347
169 264993.0 4.490931 1200.0 1.0 -29.882488245474324 84.50609255851043
170 260113.0 73.864029 1200.0 1.0 -29.88591479931374 88.27561295419333
171 240675.0 71.104362 1200.0 1.0 -29.886446795764265 70.27326656277074
172 274134.0 30.222317 1200.0 1.0 -29.89000044159805 88.24013996240565
173 40871.0 69.654716 1200.0 1.0 -29.891463184826808 82.38553023060759
174 2037265.0 18.492899 1200.0 1.0 -29.891561002852402 88.47715956533094
175 224094.0 28.851318 1200.0 1.0 -29.89795009112099 83.69573358912467
176 246430.0 67.47451 1200.0 1.0 -29.89989114617089 77.97550018344405
177 246993.0 4.972138 1200.0 1.0 -29.900258631771525 89.8201479994228
178 235995.0 71.780685 1200.0 1.0 -29.9026789297278 71.14352441405048
179 291414.0 26.282673 1200.0 1.0 -29.9071779535472 80.33424439571549
180 2137714.0 1.793818 1200.0 1.0 -29.90969236596101 66.04808175900163
181 270532.0 22.919575 1200.0 1.0 -29.910706355868694 81.54841707499546
182 214015.0 33.682312 1200.0 1.0 -29.91204920858663 89.7292512301233
183 286374.0 29.885454 1200.0 1.0 -29.914034420155655 88.24377968897308
184 302573.0 22.808611 1200.0 1.0 -29.914509315549676 80.21076215428855
185 2145790.0 67.309364 1200.0 1.0 -29.914648754436246 77.9819287539788
186 280970.0 15.8075 1200.0 1.0 -29.916270448735798 81.30479974831367
187 46247.0 10.295294 1200.0 1.0 -29.922119974499598 88.83200550069688
188 41569.0 14.123816 1200.0 1.0 -29.92310599004397 85.96891443516552
189 224830.0 69.609085 1200.0 1.0 -29.92572726504447 81.5123450825335
190 259731.0 18.414944 1200.0 1.0 -29.92830489697532 81.09943847971847
191 223371.0 19.633329 1200.0 1.0 -29.928569925016472 85.22986735093279
192 194573.0 24.342302 1200.0 1.0 -29.929158434852926 79.9914704268408
193 1558838.0 -3.851867 1200.0 1.0 -29.931682180989593 69.92400445397088
194 40351.0 7.771169 1200.0 1.0 -29.93282752036769 88.89897461938011
195 2057068.0 13.218622 1200.0 1.0 -29.939138160258462 79.67099312264561
196 229493.0 24.784479 1200.0 1.0 -29.94010541196297 81.56406170306548
197 278451.0 19.694256 1200.0 1.0 -29.941755228562194 85.22191861921449
198 2147072.0 5.550248 1200.0 1.0 -29.942430204095086 74.06652080170907
199 286736.0 36.258308 1200.0 1.0 -29.94300464517242 87.43548953146184
200 210635.0 1.740695 1200.0 1.0 -29.9445481644559 84.77107084141554
201 240316.0 73.732834 1200.0 1.0 -29.944755515580166 78.26019983660062
202 240512.0 5.978168 1200.0 1.0 -29.945474881984254 81.02948623480263
203 286034.0 72.075233 1200.0 1.0 -29.945741097886433 76.18521669496154
204 195295.0 34.037376 1200.0 1.0 -29.945774970340416 89.72767619587721
205 213652.0 20.570599 1200.0 1.0 -29.948954761489354 79.86497906905348
206 268593.0 4.423984 1200.0 1.0 -29.949661176604696 84.50019727973338
207 122235.0 73.199554 1200.0 1.0 -29.949798978710387 77.40757359407792
208 210413.0 25.923029 1200.0 1.0 -29.953359825764533 82.10678269370891
209 256130.0 15.639134 1200.0 1.0 -29.955082408704847 81.31028007371347
210 1317277.0 -1.652217 1200.0 1.0 -29.9552773731623 77.17202412849578
211 210072.0 72.550629 1200.0 1.0 -29.95702029893482 86.62157848777422
212 298268.0 66.679619 1200.0 1.0 -29.961051272498306 86.44206685553439
213 2598655.0 29.689222 1200.0 1.0 -29.963272855435946 80.87565093776578
214 1522119.0 -6.232021 1200.0 1.0 -29.965128331733393 54.79630980554829
215 49493.0 26.642015 1200.0 1.0 -29.965911067710664 88.90244405487894
216 261175.0 33.251553 1200.0 1.0 -29.969457747262073 88.16845994924994
217 246429.0 67.85817 1200.0 1.0 -29.974776805143346 77.96987518422615
218 256514.0 73.441597 1200.0 1.0 -29.97669542112855 77.40426325704077
219 57768.0 12.953376 1200.0 1.0 -29.979133457293756 88.38781784943987
220 2143615.0 29.439415 1200.0 1.0 -29.979836731066328 80.87846105418473
221 1545517.0 -2.707688 1200.0 1.0 -29.989765252240414 68.49030555127004
222 206471.0 70.238777 1200.0 1.0 -30.00035150548821 83.12934710025377
223 2143255.0 28.026327 1200.0 1.0 -30.009321177424443 80.81583785059782
224 79372.0 21.360355 1200.0 1.0 -30.01664265212577 80.47716048842322
225 241733.0 22.851313 1200.0 1.0 -30.01871119101552 80.21076215428855
226 292855.0 29.278542 1200.0 1.0 -30.02187848386759 80.63855901346874
227 207028.0 12.833494 1200.0 1.0 -30.025844571719038 84.38550146650662
228 44453.0 26.736433 1200.0 1.0 -30.02587091481831 88.90244405487894
229 206809.0 14.778634 1200.0 1.0 -30.03249527907711 88.2123662486148
230 305829.0 68.380974 1200.0 1.0 -30.038287496743884 89.41511090946514
231 2149237.0 -2.902379 1200.0 1.0 -30.03830328776194 62.98582045286767
232 121494.0 28.48362 1200.0 1.0 -30.038890028688126 83.6908014768959
233 196589.0 11.708029 1200.0 1.0 -30.042461998381746 85.15812225683494
234 126188.0 64.598999 1200.0 1.0 -30.04269574118156 73.71119274081707
235 2215631.0 71.852226 1200.0 1.0 -30.045907932736295 85.59733582723459
236 60510.0 8.657765 1200.0 1.0 -30.048689773845123 76.84218683343151
237 257589.0 67.236427 1200.0 1.0 -30.054479366001747 77.4323780033602
238 291055.0 31.529404 1200.0 1.0 -30.057223847463668 84.24879800722202
239 229849.0 15.158343 1200.0 1.0 -30.06046507769797 85.56961471646997
240 263555.0 1.098804 1200.0 1.0 -30.06855845241108 76.02808163982473
241 241391.0 67.82209 1200.0 1.0 -30.068819584521638 72.96118339278748
242 1150371.0 20.082918 1200.0 1.0 -30.07413820841135 82.34733211615605
243 49494.0 26.683098 1200.0 1.0 -30.078658986455903 79.61023070787014
244 197094.0 26.880842 1200.0 1.0 -30.079463970204415 79.60206831399962
245 286032.0 72.848938 1200.0 1.0 -30.080875055187313 87.15154588592726
246 2563594.0 1.697174 1200.0 1.0 -30.081655776643043 67.62607565715031
247 302215.0 33.242943 1200.0 1.0 -30.085409682999607 88.16845994924994
248 271974.0 27.210981 1200.0 1.0 -30.086699764939077 80.0125918614358
249 228051.0 18.366322 1200.0 1.0 -30.090425346705228 81.10012991672318
250 209551.0 7.263885 1200.0 1.0 -30.091343694071874 76.91371861938879
251 262474.0 2.282984 1200.0 1.0 -30.09427092658866 77.7467104944922
252 1500516.0 -1.047551 1200.0 1.0 -30.09499962820554 67.1279073372965
253 2143254.0 28.132587 1200.0 1.0 -30.096000220074398 81.37252976812006
254 237054.0 26.104616 1200.0 1.0 -30.099738523154457 80.29601899361671
255 1575755.0 -0.072862 1200.0 1.0 -30.102180013719057 63.23621228485039
256 2531197.0 -2.555111 1200.0 1.0 -30.11294718521992 67.38334659107184
257 265349.0 11.398949 1200.0 1.0 -30.11534084764559 88.54147472539138
258 2140234.0 2.100064 1200.0 1.0 -30.115552269127125 69.46344444817022
259 256516.0 72.262421 1200.0 1.0 -30.11722435016331 70.4736568249887
260 1573963.0 -11.396005 1200.0 1.0 -30.128381013038258 46.9809789949962
261 279536.0 32.314484 1200.0 1.0 -30.130833276223846 81.82642163780291
262 208975.0 32.59129 1200.0 1.0 -30.134783279703395 86.19404691169528
263 221214.0 26.412224 1200.0 1.0 -30.136391812886114 79.60429442141886
264 231656.0 34.268429 1200.0 1.0 -30.13843784745819 82.88077230020387
265 35815.0 30.144178 1200.0 1.0 -30.138968595039913 81.13814958015739
266 51677.0 71.987885 1200.0 1.0 -30.140002900191625 71.62247939963173
267 222874.0 2.905703 1200.0 1.0 -30.140688227662213 86.27341162353095
268 59068.0 12.705295 1200.0 1.0 -30.141687835718262 75.84549636392698
269 239956.0 73.507957 1200.0 1.0 -30.144600485389997 78.26574044595695
270 2026255.0 30.527283 1200.0 1.0 -30.148589640994476 81.13884069230546
271 233673.0 4.087322 1200.0 1.0 -30.149473439479948 75.19269110537327
272 1315476.0 -0.946001 1200.0 1.0 -30.156516911000818 71.30551811100163
273 1567477.0 -2.851481 1200.0 1.0 -30.160099614964327 62.98582045286767
274 1306482.0 -11.959585 1200.0 1.0 -30.16087438955351 0.6836241045830393
275 212932.0 21.911953 1200.0 1.0 -30.160915598810988 82.1287520207739
276 257930.0 15.760996 1200.0 1.0 -30.163982290447017 81.30479974831367
277 219636.0 0.152157 1200.0 1.0 -30.16537362920992 85.39738247104029
278 268592.0 4.779817 1200.0 1.0 -30.168554029081616 68.20494924132123
279 267649.0 14.861526 1200.0 1.0 -30.168769886353214 88.2105429719376
280 227692.0 20.117348 1200.0 1.0 -30.169385705461835 80.64995493587662
281 279910.0 69.825211 1200.0 1.0 -30.175820962683705 82.38421360507874
282 2139882.0 -10.696688 1200.0 1.0 -30.1786785358074 26.68686006647192
283 1316555.0 -0.232314 1200.0 1.0 -30.18362229885124 58.28221159650078
284 51674.0 70.303673 1200.0 1.0 -30.184276697315866 70.61824736626387
285 1487196.0 -0.280937 1200.0 1.0 -30.189774140467133 77.00610794888931
286 255628.0 12.750206 1200.0 1.0 -30.19614856674519 84.38964811096248
287 2108334.0 26.786762 1200.0 1.0 -30.19662702710758 79.60281034980603
288 1150232.0 6.097976 1200.0 1.0 -30.19686273784995 81.03572619189588
289 48055.0 32.338871 1200.0 1.0 -30.20141287781014 86.19616616759347
290 231655.0 33.678982 1200.0 1.0 -30.202543772885644 89.7292512301233
291 248594.0 70.971581 1200.0 1.0 -30.203501908866585 70.76600592845644
292 195296.0 34.045967 1200.0 1.0 -30.206785569216287 82.88657869421307
293 217250.0 17.943369 1200.0 1.0 -30.206949852783843 85.46168330234917
294 248589.0 68.45993 1200.0 1.0 -30.208561080858058 89.41552302143462
295 213154.0 3.118264 1200.0 1.0 -30.21014989070869 86.27975071078086
296 240674.0 69.517265 1200.0 1.0 -30.21473174925044 70.58855862518418
297 240317.0 73.699989 1200.0 1.0 -30.21522743129646 72.52308921443091
298 1580797.0 -2.3271 1200.0 1.0 -30.21554693116782 71.35432339688677
299 306894.0 29.92687 1200.0 1.0 -30.227335121110944 88.24377968897308
300 217474.0 2.874631 1200.0 1.0 -30.227893481877782 86.27869419623921
301 280271.0 67.718529 1200.0 1.0 -30.22821468772116 72.85076861280785
302 288391.0 8.00351 1200.0 1.0 -30.2284954249756 85.9597522578976
303 217976.0 33.502556 1200.0 1.0 -30.232452163831493 81.79817436861244
304 301129.0 15.550306 1200.0 1.0 -30.235672549005937 87.92565149734418
305 51671.0 66.859566 1200.0 1.0 -30.252238076841806 70.66043578861026
306 262835.0 0.44658 1200.0 1.0 -30.252307022955154 72.21548418939511
307 40875.0 69.175522 1200.0 1.0 -30.25341050879034 75.02125227068781
308 48772.0 19.457222 1200.0 1.0 -30.25564267336004 82.42105167692625
309 223370.0 18.568335 1200.0 1.0 -30.25979099903132 87.86879007221302
310 292490.0 18.462681 1200.0 1.0 -30.260595982779833 87.87396919009423
311 229135.0 29.594164 1200.0 1.0 -30.264305311326964 80.87565093776578
312 248593.0 69.860748 1200.0 1.0 -30.264443825652865 74.00983265636253
313 1356522.0 -10.152577 1200.0 1.0 -30.268867410235412 46.77752062835371
314 206476.0 71.75705 1200.0 1.0 -30.269806231761045 70.4551931245331
315 222676.0 72.536781 1200.0 1.0 -30.270044005923612 71.40401246064503
316 277011.0 18.703934 1200.0 1.0 -30.273565644656184 81.10289566474201
317 51673.0 70.300652 1200.0 1.0 -30.27416449055041 74.44059114977517
318 40872.0 70.184097 1200.0 1.0 -30.275982540070878 74.00101320979368
319 1483239.0 -5.183493 1200.0 1.0 -30.27888439274975 69.27108649168233
320 307639.0 73.860687 1200.0 1.0 -30.27954255632226 70.90998238743198
321 46834.0 3.833389 1200.0 1.0 -30.27981538411979 89.29729425619526
322 2437962.0 -10.309579 1200.0 1.0 -30.28337554936761 46.77447525547658
323 214368.0 12.133638 1200.0 1.0 -30.28758288541471 86.21152959097661
324 1069369.0 15.591495 1200.0 1.0 -30.287837241999046 87.92565149734418
325 2019416.0 31.968517 1200.0 1.0 -30.288891313340482 82.31368170318285
326 1564599.0 -5.624221 1200.0 1.0 -30.28895370753444 65.74259062616414
327 276656.0 35.355392 1200.0 1.0 -30.289145207276615 87.83104587819525
328 1150729.0 14.733374 1200.0 1.0 -30.29057174889878 88.2123662486148
329 1069951.0 7.251532 1200.0 1.0 -30.29141758224898 76.91371861938879
330 282991.0 7.523656 1200.0 1.0 -30.29312333728587 76.91626955487949
331 279535.0 32.369213 1200.0 1.0 -30.294807510088035 86.19086802784798
332 67132.0 21.149517 1200.0 1.0 -30.295673807222517 80.48216991869957
333 288533.0 26.58547 1200.0 1.0 -30.299106198969877 84.26013010481809
334 280268.0 66.746651 1200.0 1.0 -30.299196146627818 86.44206685553439
335 274496.0 34.064133 1200.0 1.0 -30.300845213168383 82.88657869421307
336 2138441.0 -10.012959 1200.0 1.0 -30.301292030807492 13.466016302910871
337 1546238.0 -4.487419 1200.0 1.0 -30.302276556341766 63.78511663110573
338 247855.0 29.642965 1200.0 1.0 -30.303006861991772 80.87565093776578
339 1481796.0 -0.28752 1200.0 1.0 -30.303949551028744 77.00610794888931
340 1510961.0 -8.236997 1200.0 1.0 -30.30452481701364 65.36089159105343
341 1485397.0 -3.238051 1200.0 1.0 -30.30476312493319 59.519491626678224
342 217970.0 17.380375 1200.0 1.0 -30.305281082030554 83.26516049800426
343 206475.0 71.409248 1200.0 1.0 -30.306264162866356 70.99940724668853
344 40870.0 69.426102 1200.0 1.0 -30.309082410099162 81.51779153090074
345 1548757.0 -3.817391 1200.0 1.0 -30.30938136112695 46.51762007036069
346 302934.0 27.118111 1200.0 1.0 -30.31561085833971 80.02278326662203
347 206472.0 67.586288 1200.0 1.0 -30.31683756771209 70.55076586685594
348 1518162.0 -10.564527 1200.0 1.0 -30.31792190038825 37.79078657193073
349 2585696.0 34.875095 1200.0 1.0 -30.318374225547636 84.13799081550391
350 305828.0 68.407387 1200.0 1.0 -30.323006392201137 88.86729605463606
351 240318.0 73.674934 1200.0 1.0 -30.324582929466768 70.9144615346842
352 255411.0 18.5662 1200.0 1.0 -30.331899770873445 81.10358710174671
353 241034.0 72.127068 1200.0 1.0 -30.332812201030304 76.18521669496154
354 274135.0 31.117588 1200.0 1.0 -30.332929969860974 82.5659694310599
355 62091.0 19.462666 1200.0 1.0 -30.333486189581446 80.70256184110212
356 46611.0 19.584373 1200.0 1.0 -30.335097078112504 80.70398067606163
357 1526438.0 -4.184932 1200.0 1.0 -30.33663863463054 67.97572510321102
358 307826.0 16.662779 1200.0 1.0 -30.339527747305482 82.97739218489684
359 281550.0 10.123806 1200.0 1.0 -30.340896786182228 88.77783669757773
360 288534.0 26.707701 1200.0 1.0 -30.341692933711567 79.61023070787014
361 216175.0 29.487305 1200.0 1.0 -30.34242960680948 80.87846105418473
362 1572162.0 -10.983945 1200.0 1.0 -30.34296828811422 17.94935239053624
363 2120933.0 23.016808 1200.0 1.0 -30.347045128773654 80.21655497241088
364 1550198.0 -4.768422 1200.0 1.0 -30.35049259585899 58.71526359433717
365 303296.0 34.746834 1200.0 1.0 -30.350769171880863 84.14459843862684
366 1518882.0 -10.209429 1200.0 1.0 -30.35190660493605 46.77142988259945
367 236190.0 9.25933 1200.0 1.0 -30.35457589451079 85.90730196668241
368 265354.0 2.12339 1200.0 1.0 -30.355012495348824 69.46344444817022
369 2021211.0 17.882711 1200.0 1.0 -30.355934681779626 80.79255050098644
370 233096.0 35.906723 1200.0 1.0 -30.363138901615223 85.77539259681343
371 63556.0 69.499931 1200.0 1.0 -30.36448084263239 73.84963508182312
372 2644958.0 -4.194994 1200.0 1.0 -30.366979612134493 67.97572510321102
373 2588790.0 8.308534 1200.0 1.0 -30.377592853970317 69.05014371827389
374 2583893.0 23.141209 1200.0 1.0 -30.382896160111486 80.21221035881912
375 1567116.0 -1.588959 1200.0 1.0 -30.385055252632924 64.42649285694286
376 1568920.0 -7.071053 1200.0 1.0 -30.386531035425328 63.45176375581285
377 1544437.0 -3.6515 1200.0 1.0 -30.388123020590182 53.39045907371762
378 273411.0 19.640413 1200.0 1.0 -30.388621451878908 85.22986735093279
379 1545158.0 -3.974959 1200.0 1.0 -30.389774329509365 66.97989469590364
380 256518.0 72.860466 1200.0 1.0 -30.391238701438212 70.87632917412347
381 240676.0 70.545471 1200.0 1.0 -30.39354982385006 73.0570241163799
382 266227.0 66.315674 1200.0 1.0 -30.39425902993568 85.04011734128511
383 281351.0 67.397285 1200.0 1.0 -30.394262716312912 70.741100438657
384 198553.0 73.762192 1200.0 1.0 -30.395253290741177 88.27924831876068
385 268376.0 35.820423 1200.0 1.0 -30.395773636370215 85.77757978679611
386 272329.0 15.130965 1200.0 1.0 -30.39921230449405 85.56961471646997
387 1068649.0 14.476185 1200.0 1.0 -30.401889760769595 83.45551503134789
388 250735.0 31.015474 1200.0 1.0 -30.402588618385277 82.56531597992203
389 1315477.0 -3.198442 1200.0 1.0 -30.406845981241414 57.777662521312244
390 252393.0 4.186572 1200.0 1.0 -30.407104750047665 75.53447880136103
391 41212.0 20.788105 1200.0 1.0 -30.408428840106932 79.86790833058149
392 2290363.0 -11.104708 1200.0 1.0 -30.408663278637828 54.444131232330584
393 2383238.0 -4.446603 1200.0 1.0 -30.41103830371212 62.342991006347816
394 280272.0 67.773026 1200.0 1.0 -30.412561598316355 70.55765076076422
395 207389.0 10.920115 1200.0 1.0 -30.4142571773047 80.96533674132571
396 200693.0 23.113131 1200.0 1.0 -30.41868740423573 80.21945138147206
397 224831.0 69.644669 1200.0 1.0 -30.41974149463336 82.38553023060759
398 43371.0 17.996193 1200.0 1.0 -30.420853560104494 80.78830610791789
399 231508.0 12.227549 1200.0 1.0 -30.421683665704943 75.8895009273812
400 71811.0 17.779621 1200.0 1.0 -30.422491176662245 80.78901350676266
401 243555.0 70.775749 1200.0 1.0 -30.42441458075433 70.37426492081751
402 1483956.0 -0.522624 1200.0 1.0 -30.42497759580874 79.95277205430489
403 55976.0 35.718861 1200.0 1.0 -30.428264191211507 85.78031377427446
404 2524361.0 -8.296219 1200.0 1.0 -30.428593180050694 59.06444853677834
405 2437961.0 -10.174435 1200.0 1.0 -30.428617490486964 10.066603121414403
406 44454.0 27.883923 1200.0 1.0 -30.433492215599284 81.38004744984977
407 246431.0 66.058182 1200.0 1.0 -30.43379556881244 70.79650350381979
408 241395.0 69.609428 1200.0 1.0 -30.43655145454244 74.52020902275126
409 248588.0 68.374939 1200.0 1.0 -30.43708677608492 88.86729605463606
410 62093.0 22.862629 1200.0 1.0 -30.43723651140952 80.22017548373735
411 2412917.0 71.303108 1200.0 1.0 -30.438292322351163 72.23434174787408
412 241396.0 71.166351 1200.0 1.0 -30.438811345328098 72.48885205129027
413 71478.0 70.17836 1200.0 1.0 -30.441397391313743 83.7166750322816
414 280269.0 66.091362 1200.0 1.0 -30.443774394527946 75.81039181583799
415 2659847.0 10.503126 1200.0 1.0 -30.444682371374554 86.51774371693091
416 231667.0 61.983028 1200.0 1.0 -30.445833399150242 76.47180943691711
417 280270.0 66.492752 1200.0 1.0 -30.445953115720993 71.37487533288314
418 1546239.0 -4.564363 1200.0 1.0 -30.446606765802606 75.30805144885355
419 305830.0 69.07151 1200.0 1.0 -30.4513500639546 80.8454214283678
420 51672.0 66.76284 1200.0 1.0 -30.460702092467308 70.89764874576602
421 288392.0 6.652955 1200.0 1.0 -30.461214938194924 88.61704112054476
422 1546237.0 -4.039915 1200.0 1.0 -30.462256622481533 35.52082268217035
423 2096311.0 6.902081 1200.0 1.0 -30.467439521920117 71.66723685320106
424 2633077.0 -1.609916 1200.0 1.0 -30.469656384230614 77.17202412849578
425 2070037.0 -1.680151 1200.0 1.0 -30.470557155518993 77.17202412849578
426 238127.0 10.206512 1200.0 1.0 -30.47846713546432 88.83636840398542
427 2554594.0 1.778294 1200.0 1.0 -30.479577042727982 66.04808175900163
428 1556322.0 -10.65562 1200.0 1.0 -30.483732885070843 28.576363315934916
429 1566398.0 -4.413682 1200.0 1.0 -30.490787785937602 62.342991006347816
430 2144699.0 45.750282 1200.0 1.0 -30.490844324648858 86.67212485324478
431 259011.0 19.401163 1200.0 1.0 -30.491471461932427 80.70823718094012
432 1464517.0 -4.19882 1200.0 1.0 -30.494947017098028 38.24566507912842
433 298269.0 65.882179 1200.0 1.0 -30.4977612074535 75.81219300388352
434 245695.0 30.583637 1200.0 1.0 -30.502318499123398 81.13884069230546
435 1567115.0 -0.679294 1200.0 1.0 -30.502445450421625 52.12309665244439
436 2133040.0 -6.299951 1200.0 1.0 -30.50248626702687 73.22043550478884
437 238855.0 28.924791 1200.0 1.0 -30.506281974438167 81.36159283157076
438 1518163.0 -11.162304 1200.0 1.0 -30.507564690798944 54.444131232330584
439 2138442.0 -9.887438 1200.0 1.0 -30.509457452420886 54.062872471124514
440 1537962.0 -9.499915 1200.0 1.0 -30.51387894157862 60.474534675709165
441 1482518.0 -4.12815 1200.0 1.0 -30.518082803169666 66.97840855421009
442 120990.0 9.428527 1200.0 1.0 -30.51816907848816 81.1899343567844
443 58495.0 33.095592 1200.0 1.0 -30.528537024379293 88.16569854991268
444 239955.0 73.935974 1200.0 1.0 -30.52893647574575 78.26099135222296
445 2280793.0 69.11306 1200.0 1.0 -30.533977728108564 70.44480532511871
446 1468840.0 -7.428353 1200.0 1.0 -30.53428460522679 50.046231260247296
447 279390.0 8.741517 1200.0 1.0 -30.53473788505478 76.84900532926
448 2126193.0 3.093254 1200.0 1.0 -30.538104662267102 65.52695920645259
449 1069736.0 36.368408 1200.0 1.0 -30.53836187145492 87.43011223929828
450 256515.0 73.115173 1200.0 1.0 -30.539874948653434 77.39681499870716
451 63549.0 63.894974 1200.0 1.0 -30.542634697595737 71.30986346994813
452 282051.0 17.189678 1200.0 1.0 -30.54622155649508 81.29108052385251
453 222677.0 73.277031 1200.0 1.0 -30.54836817702027 70.7467679311078
454 198749.0 10.578156 1200.0 1.0 -30.550781083063626 71.44593950090598
455 2582094.0 24.871113 1200.0 1.0 -30.55387247706903 84.52789144814619
456 1516362.0 -11.26926 1200.0 1.0 -30.55489828452721 9.80655432302591
457 230212.0 20.506374 1200.0 1.0 -30.557121841326726 79.86497906905348
458 235996.0 71.714767 1200.0 1.0 -30.55893923009625 70.4551931245331
459 2504551.0 7.307072 1200.0 1.0 -30.560546362783096 76.92137142586091
460 275936.0 35.386539 1200.0 1.0 -30.56499935937128 87.8362453189361
461 209909.0 10.598541 1200.0 1.0 -30.565597686093557 71.44593950090598
462 283488.0 11.586392 1200.0 1.0 -30.566172817438417 84.44646346622976
463 2319161.0 -9.820412 1200.0 1.0 -30.566983162504346 16.657776529516045
464 2149238.0 -3.57476 1200.0 1.0 -30.568900585730074 78.98566394645488
465 2113236.0 0.102813 1200.0 1.0 -30.57120972294657 87.26981737575692
466 257591.0 67.865036 1200.0 1.0 -30.573236293402143 72.96118339278748
467 275431.0 7.92183 1200.0 1.0 -30.573270877748158 85.95813536344065
468 126189.0 64.880318 1200.0 1.0 -30.57341228327639 74.05773528484102
469 57776.0 32.622734 1200.0 1.0 -30.573842425795082 81.57562200862776
470 1489722.0 -10.199529 1200.0 1.0 -30.575625181589484 46.77142988259945
471 206091.0 18.586651 1200.0 1.0 -30.58366240516718 81.10358710174671
472 1258960.0 -6.9314 1200.0 1.0 -30.58633957041355 62.26158718048842
473 1507363.0 -10.736443 1200.0 1.0 -30.58854422287801 60.90966061749488
474 239429.0 10.104558 1200.0 1.0 -30.590212609969907 71.66084714457025
475 1322317.0 -3.065392 1200.0 1.0 -30.593403056939657 57.777662521312244
476 2137001.0 -8.627433 1200.0 1.0 -30.59456960431373 52.66400040605574
477 1550199.0 -4.822868 1200.0 1.0 -30.60395019945768 75.30620987163317
478 219635.0 0.608088 1200.0 1.0 -30.604276918889692 70.60569023808362
479 57769.0 13.57253 1200.0 1.0 -30.605974654844143 83.99621913945874
480 214016.0 34.262581 1200.0 1.0 -30.612224779933968 82.88077230020387
481 254707.0 64.548485 1200.0 1.0 -30.613392327673793 81.24641054887111
482 246992.0 5.975194 1200.0 1.0 -30.62214805758791 81.02948623480263
483 1477478.0 -3.714919 1200.0 1.0 -30.62550830500724 69.92758587488875
484 1301441.0 -9.173836 1200.0 1.0 -30.626475570058524 46.844463514839234
485 203570.0 15.840085 1200.0 1.0 -30.627645807827687 81.30479974831367
486 280273.0 68.279106 1200.0 1.0 -30.628663837959326 71.23901054459546
487 2441917.0 -2.717513 1200.0 1.0 -30.628826101990935 68.49030555127004
488 2582839.0 73.886124 1200.0 1.0 -30.630379032792153 70.90998238743198
489 1518883.0 -11.459983 1200.0 1.0 -30.630779542869984 46.9809789949962
490 210270.0 8.997772 1200.0 1.0 -30.63103047191664 71.7619299944904
491 200913.0 4.769792 1200.0 1.0 -30.632269570181318 80.42124563811208
492 2319162.0 -9.366343 1200.0 1.0 -30.635418903294376 65.60873823514328
493 248935.0 30.421326 1200.0 1.0 -30.636663646317754 81.13607624371319
494 1313678.0 -5.396417 1200.0 1.0 -30.636711915598582 44.81167808909441
495 1356517.0 -1.255501 1200.0 1.0 -30.637730964040873 85.35020444801438
496 1537240.0 -5.929377 1200.0 1.0 -30.63808509619629 74.5058365154448
497 224833.0 69.048576 1200.0 1.0 -30.640904209503102 70.44711381521577
498 2644957.0 -4.217928 1200.0 1.0 -30.641168423789292 38.24566507912842
499 222674.0 73.737526 1200.0 1.0 -30.643435827105517 88.277430636477
500 1556323.0 -11.256175 1200.0 1.0 -30.64546963524128 45.80606850255684
501 65337.0 36.501282 1200.0 1.0 -30.64588613503774 83.10578408604886
502 1490798.0 -5.871066 1200.0 1.0 -30.647498650093876 20.294557059525477
503 1481797.0 -2.865024 1200.0 1.0 -30.648381174510998 62.98582045286767
504 1516363.0 -10.913433 1200.0 1.0 -30.65245606417088 53.43883535842823
505 1576842.0 -10.73282 1200.0 1.0 -30.654574723432898 26.68686006647192
506 1513479.0 -7.070386 1200.0 1.0 -30.65459978671083 29.80292319873922
507 281350.0 67.250328 1200.0 1.0 -30.657802231864178 77.9819287539788
508 1563880.0 -7.015999 1200.0 1.0 -30.658151375322653 63.45176375581285
509 283709.0 10.115624 1200.0 1.0 -30.65927937021822 71.66084714457025
510 230575.0 33.947815 1200.0 1.0 -30.666256172300265 89.72570740306959
511 235992.0 66.355904 1200.0 1.0 -30.666785676804196 71.85861264323168
512 59569.0 14.447063 1200.0 1.0 -30.671775600606708 83.45551503134789
513 1518879.0 -4.805275 1200.0 1.0 -30.675284055527253 75.30620987163317
514 239957.0 73.302666 1200.0 1.0 -30.678339764801404 70.7467679311078
515 266229.0 65.957695 1200.0 1.0 -30.68077091451175 75.81219300388352
516 1556679.0 -5.23125 1200.0 1.0 -30.682291282507837 69.27236061471393
517 247135.0 33.077694 1200.0 1.0 -30.682994576380533 88.16569854991268
518 224095.0 29.167986 1200.0 1.0 -30.68556857064946 81.36090922872891
519 1489721.0 -9.607861 1200.0 1.0 -30.685742757805794 28.92313546378854
520 1552361.0 -9.860113 1200.0 1.0 -30.686158743284597 17.242514846979322
521 293577.0 38.063721 1200.0 1.0 -30.688390084702867 85.47508125104446
522 2595766.0 7.618317 1200.0 1.0 -30.68976835787465 89.13860789382885
523 1483238.0 -4.805163 1200.0 1.0 -30.689784709728432 58.71526359433717
524 66415.0 33.712673 1200.0 1.0 -30.69038481650433 89.7292512301233
525 298271.0 67.030518 1200.0 1.0 -30.69246027487422 70.72749400908933
526 248597.0 71.198143 1200.0 1.0 -30.693000077944756 72.22596168947524
527 1491882.0 -9.96617 1200.0 1.0 -30.694949144672098 54.070345764800074
528 1494758.0 -4.379491 1200.0 1.0 -30.69690483818407 62.342991006347816
529 1150747.0 63.218376 1200.0 1.0 -30.69889720853445 78.54315053228017
530 1069749.0 65.724319 1200.0 1.0 -30.699543824209183 75.14074820727996
531 1070095.0 27.235357 1200.0 1.0 -30.702110818942526 82.55812801740564
532 307640.0 73.128487 1200.0 1.0 -30.703844103164826 79.06659057331994
533 1522120.0 -7.641633 1200.0 1.0 -30.705351375897887 51.67112071228266
534 1038410.0 18.054577 1200.0 1.0 -30.706553363505616 85.45554132561394
535 2129789.0 10.693173 1200.0 1.0 -30.707314027830158 80.97232412086923
536 2032948.0 12.683187 1200.0 1.0 -30.70780961280324 75.84549636392698
537 1509521.0 -8.922287 1200.0 1.0 -30.710481194031683 45.06190948346833
538 44815.0 31.714821 1200.0 1.0 -30.712351505322385 84.24462012858717
539 122435.0 0.098718 1200.0 1.0 -30.713611938943018 63.237988158019185
540 1481798.0 -3.886968 1200.0 1.0 -30.713777498716507 70.92005736024686
541 231652.0 20.18202 1200.0 1.0 -30.71495957079571 80.64995493587662
542 2138082.0 -10.567139 1200.0 1.0 -30.716784405697574 37.79078657193073
543 243556.0 70.353798 1200.0 1.0 -30.72266620365554 73.06414887298054
544 225176.0 35.840691 1200.0 1.0 -30.724794791793236 85.77539259681343
545 2527236.0 -2.209217 1200.0 1.0 -30.726690544106017 43.64340023668367
546 287106.0 61.501797 1200.0 1.0 -30.728180589499402 74.7832889807593
547 2605136.0 29.027311 1200.0 1.0 -30.72881429155451 88.14450111276318
548 39991.0 7.377695 1200.0 1.0 -30.732042728436742 76.92137142586091
549 1315478.0 -4.25943 1200.0 1.0 -30.73231624872609 62.341143568256896
550 1566759.0 -6.064167 1200.0 1.0 -30.733967109524425 54.798738419500715
551 277590.0 8.782658 1200.0 1.0 -30.740535307869777 76.84900532926
552 122594.0 71.801758 1200.0 1.0 -30.742722061996613 76.18167762765087
553 1356521.0 -8.102283 1200.0 1.0 -30.7434806220647 64.29082684837209
554 81169.0 13.502606 1200.0 1.0 -30.747500792094467 83.99621913945874
555 2455394.0 69.293526 1200.0 1.0 -30.749093074142877 70.58398684107365
556 1490799.0 -5.666073 1200.0 1.0 -30.752048108310085 59.459095304943666
557 224454.0 26.996222 1200.0 1.0 -30.75555459428074 80.01914347905551
558 1563881.0 -8.522109 1200.0 1.0 -30.758247146006454 60.35585735376794
559 206466.0 62.606041 1200.0 1.0 -30.758268392641593 86.3230320698394
560 1507361.0 -10.37201 1200.0 1.0 -30.763739079810524 6.9135289024412
561 1509523.0 -11.103665 1200.0 1.0 -30.764015390968012 54.444131232330584
562 2136278.0 -5.311673 1200.0 1.0 -30.765515797674556 42.412728812012496
563 2113591.0 5.750032 1200.0 1.0 -30.76570700123072 54.56201138022848
564 40868.0 67.158302 1200.0 1.0 -30.768041991817334 87.12755043688436
565 219634.0 1.06253 1200.0 1.0 -30.769003727669666 58.47141612197435
566 40352.0 6.66417 1200.0 1.0 -30.770982558121577 88.61704112054476
567 286226.0 17.566828 1200.0 1.0 -30.771467567073014 88.88856587221056
568 1526437.0 -3.733248 1200.0 1.0 -30.773143725726577 43.76041871871969
569 283486.0 7.696383 1200.0 1.0 -30.774228045155592 89.13945691032846
570 69511.0 7.657577 1200.0 1.0 -30.77728364786579 76.9120179957283
571 44091.0 19.49024 1200.0 1.0 -30.778385737098155 80.70256184110212
572 41950.0 69.347069 1200.0 1.0 -30.783447010759787 81.51779153090074
573 260468.0 65.911827 1200.0 1.0 -30.784718989971136 85.04184105967467
574 49713.0 5.289205 1200.0 1.0 -30.785993381848446 89.82248724075504
575 226474.0 2.175209 1200.0 1.0 -30.787014773279378 69.46470000040415
576 1317276.0 -1.561941 1200.0 1.0 -30.787088686126307 64.42649285694286
577 1532920.0 -6.895486 1200.0 1.0 -30.78732323151061 62.26158718048842
578 208976.0 31.703789 1200.0 1.0 -30.78895010854838 81.544335636921
579 51670.0 68.704529 1200.0 1.0 -30.789569459128458 80.0482400173122
580 268591.0 5.635927 1200.0 1.0 -30.789890601249425 56.91919898203317
581 289252.0 21.509441 1200.0 1.0 -30.79053259523749 80.48431681738943
582 256517.0 72.038544 1200.0 1.0 -30.79198958341096 71.60860607623054
583 2585697.0 35.114758 1200.0 1.0 -30.792464774309334 82.35062663162911
584 68066.0 16.585121 1200.0 1.0 -30.794186943826144 82.97931843004021
585 268016.0 36.169453 1200.0 1.0 -30.795379034403407 89.41263772845092
586 234033.0 4.059039 1200.0 1.0 -30.796883598091295 75.19916918566764
587 210078.0 73.869461 1200.0 1.0 -30.799892977869273 71.00944501562032
588 63890.0 15.883388 1200.0 1.0 -30.800249852081212 81.04612519563233
589 1301438.0 -6.006037 1200.0 1.0 -30.800496987681036 15.809527183586185
590 216913.0 69.868332 1200.0 1.0 -30.801075107262793 74.00983265636253
591 1567117.0 -2.048399 1200.0 1.0 -30.801082956699414 79.70196142386192
592 1564597.0 -3.180051 1200.0 1.0 -30.801818622264275 57.777662521312244
593 40493.0 23.572565 1200.0 1.0 -30.80307735539395 79.52551670344465
594 1542278.0 -5.933043 1200.0 1.0 -30.805955513153556 20.294557059525477
595 71474.0 72.212814 1200.0 1.0 -30.80889467555663 76.57591386306007
596 1481799.0 -5.038901 1200.0 1.0 -30.810342337650038 75.30252671719239
597 298274.0 68.262718 1200.0 1.0 -30.81399599740281 76.17459916458688
598 250034.0 68.42926 1200.0 1.0 -30.815606885933867 76.16928990673559
599 2152477.0 -4.342804 1200.0 1.0 -30.816987900853885 29.351602251331244
600 2582838.0 73.748138 1200.0 1.0 -30.817798993412527 71.00721503399203
601 52230.0 8.307985 1200.0 1.0 -30.82122803233653 69.05014371827389
602 254329.0 14.220483 1200.0 1.0 -30.82131063068524 85.96891443516552
603 1553440.0 -6.9657 1200.0 1.0 -30.821912893273716 63.45176375581285
604 1573961.0 -8.720078 1200.0 1.0 -30.823781544470688 52.65618460024546
605 1553082.0 -10.742749 1200.0 1.0 -30.82418755748814 26.68686006647192
606 1464519.0 -5.630931 1200.0 1.0 -30.825604169106523 65.74259062616414
607 126187.0 65.003105 1200.0 1.0 -30.827675625978134 82.24424023915357
608 55275.0 69.879128 1200.0 1.0 -30.830165286217177 73.84667717827796
609 214229.0 10.59404 1200.0 1.0 -30.833287112948152 71.44593950090598
610 209337.0 34.250889 1200.0 1.0 -30.834866675629247 83.06690362757637
611 218907.0 14.049493 1200.0 1.0 -30.83677374361883 73.54193908108196
612 258507.0 15.462813 1200.0 1.0 -30.838105365421992 83.36216935176711
613 1573960.0 -9.431744 1200.0 1.0 -30.84148604815068 1.4669482594524303
614 40869.0 67.767204 1200.0 1.0 -30.843104245545405 77.970678755543
615 257593.0 68.910286 1200.0 1.0 -30.84396612401723 70.34761210187008
616 248592.0 69.601303 1200.0 1.0 -30.844839053179196 73.09872363589542
617 242097.0 35.048393 1200.0 1.0 -30.845298069594236 82.35062663162911
618 1563878.0 -5.930092 1200.0 1.0 -30.849963309476742 20.294557059525477
619 122593.0 71.761765 1200.0 1.0 -30.852198619673327 75.73813936573745
620 1483955.0 -0.366235 1200.0 1.0 -30.852740705394524 58.288762320692
621 209336.0 35.062286 1200.0 1.0 -30.85397277971746 84.14039358754862
622 1556324.0 -11.270899 1200.0 1.0 -30.855060245991883 69.55231163273716
623 58496.0 35.104481 1200.0 1.0 -30.85523801788199 84.14279635959332
624 280275.0 69.184692 1200.0 1.0 -30.860209576706733 75.02125227068781
625 207172.0 19.642992 1200.0 1.0 -30.86278783379666 82.41447656729217
626 2658775.0 26.871033 1200.0 1.0 -30.867174489878554 87.81306878937517
627 55276.0 70.981689 1200.0 1.0 -30.868172639198942 72.4878142835306
628 2594202.0 -9.576442 1200.0 1.0 -30.868507755363076 60.474534675709165
629 232734.0 25.2381 1200.0 1.0 -30.87105748396929 82.00341082659826
630 261176.0 31.562984 1200.0 1.0 -30.87392431713796 83.79045023527368
631 299692.0 20.648335 1200.0 1.0 -30.87707811904483 79.86497906905348
632 263554.0 0.745755 1200.0 1.0 -30.877111943503802 52.55969543765448
633 239567.0 9.82944 1200.0 1.0 -30.877173581479386 86.93768808804501
634 1528601.0 -8.347528 1200.0 1.0 -30.878689609031877 59.06444853677834
635 2123665.0 18.642593 1200.0 1.0 -30.879231722249532 85.80599629089252
636 1302881.0 -10.050058 1200.0 1.0 -30.88003600125082 13.466016302910871
637 241729.0 13.937151 1200.0 1.0 -30.88362939278759 82.01944443159968
638 43732.0 20.474182 1200.0 1.0 -30.885546771618433 81.93112584758914
639 1149288.0 12.147186 1200.0 1.0 -30.885606420637945 86.212589128946
640 2100776.0 33.697849 1200.0 1.0 -30.88686877224076 81.79615348295665
641 2594201.0 -9.663098 1200.0 1.0 -30.8881052073873 22.6192670252757
642 234032.0 4.742641 1200.0 1.0 -30.888509129526874 62.55295597812347
643 265352.0 4.410055 1200.0 1.0 -30.888751975925004 57.99245006119113
644 212237.0 72.948792 1200.0 1.0 -30.89255907397383 70.65701795879598
645 1532919.0 -6.416428 1200.0 1.0 -30.893208659260008 47.90922715535848
646 1545516.0 -2.779905 1200.0 1.0 -30.89334190796937 38.47723239854891
647 1300718.0 -5.973631 1200.0 1.0 -30.893534104610595 22.069979868353617
648 198189.0 65.406975 1200.0 1.0 -30.894814350337654 74.62512641353449
649 121126.0 7.695135 1200.0 1.0 -30.90029781884737 89.13945691032846
650 1301442.0 -9.908458 1200.0 1.0 -30.90186632497356 54.070345764800074
651 194574.0 25.270531 1200.0 1.0 -30.90613978880704 82.00140626129044
652 255056.0 34.315201 1200.0 1.0 -30.90761090385551 82.88980446866263
653 1509520.0 -8.644784 1200.0 1.0 -30.908242659849037 15.289855443813574
654 298275.0 69.288559 1200.0 1.0 -30.908381396932835 74.51254368552115
655 1487558.0 -3.223236 1200.0 1.0 -30.908467603710502 76.54736688496914
656 291629.0 11.628057 1200.0 1.0 -30.911883089930363 85.15812225683494
657 207391.0 7.066575 1200.0 1.0 -30.916064225172246 70.09495345902518
658 287456.0 32.368526 1200.0 1.0 -30.91677468018032 81.82642163780291
659 1537242.0 -11.393542 1200.0 1.0 -30.918120889468906 10.778694762435244
660 58348.0 12.958222 1200.0 1.0 -30.918315109221368 84.38787097762426
661 1545157.0 -4.128856 1200.0 1.0 -30.92383229413077 38.24566507912842
662 2620973.0 21.545452 1200.0 1.0 -30.923860969210775 84.53907656007911
663 1297836.0 -0.684609 1200.0 1.0 -30.926161210665963 79.94473394024598
664 52376.0 34.308388 1200.0 1.0 -30.93057129286961 82.88980446866263
665 62092.0 19.322943 1200.0 1.0 -30.931997633390164 82.41513407825558
666 1484681.0 -8.201742 1200.0 1.0 -30.93253881747598 65.36089159105343
667 2580503.0 21.625797 1200.0 1.0 -30.93288541962179 85.24685612996565
668 1316919.0 -8.547531 1200.0 1.0 -30.93422315960481 2.8343092704093404
669 2584254.0 24.403484 1200.0 1.0 -30.936772167476207 84.5314238713169
670 266230.0 67.156563 1200.0 1.0 -30.937201352317135 77.42907159294265
671 248595.0 69.369263 1200.0 1.0 -30.942523131844165 74.51254368552115
672 279915.0 69.640106 1200.0 1.0 -30.942523131844165 74.52020902275126
673 1500515.0 -1.016159 1200.0 1.0 -30.94316306964401 45.32062129751846
674 226833.0 3.229841 1200.0 1.0 -30.94398118115794 65.53178040062011
675 1509522.0 -10.535617 1200.0 1.0 -30.94505964140222 37.79078657193073
676 1484682.0 -11.861188 1200.0 1.0 -30.94531604674283 2.279943639952246
677 2582091.0 17.140583 1200.0 1.0 -30.94600989861021 81.2924535106816
678 46975.0 27.982635 1200.0 1.0 -30.947378557832046 80.81583785059782
679 2600310.0 7.771835 1200.0 1.0 -30.95386784861607 62.134979982340454
680 2565752.0 4.663696 1200.0 1.0 -30.95450308594388 62.55295597812347
681 302216.0 35.58139 1200.0 1.0 -30.955724585128674 85.77703298930044
682 209911.0 6.418265 1200.0 1.0 -30.957212386388402 63.47109110257166
683 224834.0 68.896309 1200.0 1.0 -30.95785278484588 70.74223402764956
684 43949.0 11.384321 1200.0 1.0 -30.958207167782316 88.54147472539138
685 206474.0 69.987869 1200.0 1.0 -30.958684208156477 70.5427279963351
686 63546.0 59.167023 1200.0 1.0 -30.960338704188946 73.55991571387634
687 248596.0 70.616486 1200.0 1.0 -30.963978494494665 73.06516669535206
688 282049.0 13.916831 1200.0 1.0 -30.96520732505647 82.02746044508066
689 2644959.0 -4.050236 1200.0 1.0 -30.965496405702435 83.97682322274946
690 1518159.0 -6.592583 1200.0 1.0 -30.96619911625232 37.391566707331975
691 66416.0 32.470695 1200.0 1.0 -30.966981656358907 81.83179678092213
692 290330.0 15.82278 1200.0 1.0 -30.967340581503446 81.30479974831367
693 267505.0 18.009695 1200.0 1.0 -30.96770208117541 79.11451066487096
694 42652.0 19.239475 1200.0 1.0 -30.971265805110804 82.41513407825558
695 244266.0 64.294662 1200.0 1.0 -30.973317645080183 89.3845670850283
696 272693.0 22.314005 1200.0 1.0 -30.9753224611043 81.9525624673838
697 2107608.0 11.552235 1200.0 1.0 -30.9770593251238 84.44646346622976
698 281352.0 66.956459 1200.0 1.0 -30.977070139780945 70.83477736260635
699 291056.0 31.852175 1200.0 1.0 -30.977418288933485 81.53957298846095
700 55277.0 69.293869 1200.0 1.0 -30.978817105803582 85.17524283709757
701 2232908.0 65.347839 1200.0 1.0 -30.98005578633114 84.02226165059959
702 73972.0 20.991859 1200.0 1.0 -30.980996034538656 80.12231967328744
703 121517.0 72.686089 1200.0 1.0 -30.9810685227766 70.6045484044158
704 1487195.0 -0.044961 1200.0 1.0 -30.98193093105861 63.23621228485039
705 1513482.0 -9.320066 1200.0 1.0 -30.982263462049342 65.60873823514328
706 2560716.0 -3.059902 1200.0 1.0 -30.982697096241296 29.35575134416384
707 211857.0 35.962772 1200.0 1.0 -30.984267102979924 82.29386795041471
708 1513480.0 -8.218166 1200.0 1.0 -30.98435314557005 35.142530034578826
709 243549.0 65.811775 1200.0 1.0 -30.984401710011117 75.1435387833997
710 1356880.0 -6.465722 1200.0 1.0 -30.990569203330505 73.22245894404723
711 284932.0 20.34194 1200.0 1.0 -30.991666948002784 80.6456817459168
712 271971.0 18.829969 1200.0 1.0 -30.992603338246408 80.13320590375027
713 2437960.0 -10.205617 1200.0 1.0 -30.995717757079543 7.386858799835533
714 1316920.0 -9.175031 1200.0 1.0 -30.996166313981863 5.769853657212987
715 2649625.0 17.95676 1200.0 1.0 -30.996302490451335 79.11451066487096
716 49712.0 5.171566 1200.0 1.0 -30.997112406547632 69.74438386023468
717 57266.0 17.271662 1200.0 1.0 -30.997715423285456 88.88596350496141
718 257594.0 71.831703 1200.0 1.0 -30.998128266670847 76.18167762765087
719 2137000.0 -8.846675 1200.0 1.0 -30.999879729518625 11.780093104613876
720 57623.0 21.689075 1200.0 1.0 -31.00020820365843 85.24232711209763
721 278308.0 12.662213 1200.0 1.0 -31.00207597923795 75.84369762350391
722 238156.0 71.295937 1200.0 1.0 -31.007094355353242 72.2291042113748
723 266233.0 67.163513 1200.0 1.0 -31.0091741660997 72.31491656681162
724 254709.0 60.977268 1200.0 1.0 -31.0101693328451 76.81403090423458
725 47713.0 68.078964 1200.0 1.0 -31.011227901660114 71.27831214738279
726 1528599.0 -6.228082 1200.0 1.0 -31.012282483754365 54.79630980554829
727 280276.0 70.798859 1200.0 1.0 -31.013362593038675 72.48677651577093
728 211856.0 36.373055 1200.0 1.0 -31.01426097559522 87.43011223929828
729 35456.0 31.236839 1200.0 1.0 -31.01647742418398 83.79229246761946
730 254711.0 64.645615 1200.0 1.0 -31.017190707209423 75.74719312305403
731 1556321.0 -10.243949 1200.0 1.0 -31.020227088420135 6.51545027507856
732 1481078.0 -3.729152 1200.0 1.0 -31.023909734342663 69.92758587488875
733 291990.0 9.400362 1200.0 1.0 -31.026956519474137 81.1899343567844
734 226834.0 1.927344 1200.0 1.0 -31.030626873241925 70.6250936338938
735 1489723.0 -10.729769 1200.0 1.0 -31.03197821621138 60.90966061749488
736 280616.0 34.51685 1200.0 1.0 -31.033819746104342 86.11372328746725
737 48056.0 31.261393 1200.0 1.0 -31.035023365342273 83.79413469996523
738 293578.0 38.159569 1200.0 1.0 -31.036046176569226 82.6123289757134
739 1518158.0 -6.226742 1200.0 1.0 -31.03734847585592 12.505780985329451
740 1544080.0 -6.1243 1200.0 1.0 -31.038400318556196 73.2295409814516
741 2414918.0 -7.103224 1200.0 1.0 -31.038905630371715 3.4430637149168524
742 220856.0 34.841763 1200.0 1.0 -31.040089811886677 84.13799081550391
743 1542279.0 -5.851039 1200.0 1.0 -31.04082847539105 60.884068188335625
744 59931.0 18.054581 1200.0 1.0 -31.04309377052522 80.78972090560741
745 278305.0 17.271841 1200.0 1.0 -31.04334710580294 76.0503487489649
746 71088.0 11.932685 1200.0 1.0 -31.044569790127564 84.44705496151683
747 57406.0 7.533302 1200.0 1.0 -31.05092702175565 89.13733436907943
748 2148668.0 63.268333 1200.0 1.0 -31.052384331322724 72.2605216147602
749 2123814.0 24.418385 1200.0 1.0 -31.053393409093353 84.5314238713169
750 1553081.0 -11.242489 1200.0 1.0 -31.05356869649888 1.9205807863919233
751 1513483.0 -10.623671 1200.0 1.0 -31.054579866757944 60.08198722114678
752 67847.0 10.32503 1200.0 1.0 -31.055733445570088 88.83200550069688
753 249511.0 5.102923 1200.0 1.0 -31.056585522945483 46.962812018540866
754 46974.0 28.018476 1200.0 1.0 -31.05814526128618 81.37116291689648
755 303649.0 14.076094 1200.0 1.0 -31.059351150943748 82.0201124327231
756 1510960.0 -8.938091 1200.0 1.0 -31.060258642643117 8.57973299922291
757 279912.0 67.400429 1200.0 1.0 -31.061152545586037 70.69229543447703
758 1552362.0 -10.370666 1200.0 1.0 -31.062449092633113 37.78713637048991
759 2137713.0 1.649219 1200.0 1.0 -31.063026687730297 37.181404172364466
760 2592039.0 -8.25117 1200.0 1.0 -31.063117309390613 1.2453728347299238
761 210773.0 23.105808 1200.0 1.0 -31.06676696854568 80.21945138147206
762 194575.0 28.567028 1200.0 1.0 -31.066827877826995 80.19482564508968
763 43032.0 69.516655 1200.0 1.0 -31.066925841866958 73.09567384088209
764 246056.0 33.516582 1200.0 1.0 -31.070940099207593 81.79817436861244
765 210079.0 73.685318 1200.0 1.0 -31.072742624101704 70.89091852210184
766 1487198.0 -5.50815 1200.0 1.0 -31.075303118654382 33.84528677571396
767 259012.0 20.140621 1200.0 1.0 -31.07820617285952 80.64995493587662
768 2280796.0 69.603836 1200.0 1.0 -31.07859491877049 73.85456492106506
769 233808.0 11.883597 1200.0 1.0 -31.07965735419297 84.44291449450732
770 245334.0 25.151882 1200.0 1.0 -31.080738992185513 82.00341082659826
771 2261558.0 -6.134068 1200.0 1.0 -31.083754868805155 16.648141295632936
772 71475.0 72.17878 1200.0 1.0 -31.083834279035685 71.23572982060023
773 266786.0 16.029259 1200.0 1.0 -31.084545671913002 75.6219982833105
774 280469.0 10.324186 1200.0 1.0 -31.085858543656634 71.65765210149996
775 260471.0 66.058975 1200.0 1.0 -31.086028659619924 70.79650350381979
776 47717.0 70.194397 1200.0 1.0 -31.086680064231544 83.71175271749081
777 1534002.0 -11.9625 1200.0 1.0 -31.087686337389297 0.6836241045830393
778 1296399.0 -5.068431 1200.0 1.0 -31.090027198554605 68.4538443890776
779 289978.0 40.499355 1200.0 1.0 -31.092512080056835 83.29040908533142
780 1468841.0 -7.777278 1200.0 1.0 -31.092565298889145 68.37393284893436
781 234755.0 0.533146 1200.0 1.0 -31.09313132414452 70.60797390541927
782 266228.0 66.072044 1200.0 1.0 -31.094452590577337 85.0458630692503
783 1300003.0 -11.047416 1200.0 1.0 -31.095558534185127 54.44167007505458
784 1483237.0 -4.001544 1200.0 1.0 -31.096884957134918 35.52082268217035
785 242096.0 35.082882 1200.0 1.0 -31.09885321469629 84.14039358754862
786 1299278.0 -4.659666 1200.0 1.0 -31.098894608409392 57.12033232829879
787 243548.0 65.279556 1200.0 1.0 -31.101765709635284 83.31121843885734
788 257786.0 15.887244 1200.0 1.0 -31.102280211510198 75.62927513561417
789 1490437.0 -4.795923 1200.0 1.0 -31.102975941991627 15.201265461407226
790 2399440.0 -5.346252 1200.0 1.0 -31.103303334649123 79.84666988909169
791 47715.0 70.754982 1200.0 1.0 -31.10652606889399 70.37426492081751
792 71476.0 72.330025 1200.0 1.0 -31.106936541394724 70.4736568249887
793 304750.0 65.06675 1200.0 1.0 -31.109881642650816 71.19299863701711
794 234887.0 9.725198 1200.0 1.0 -31.112495692305995 86.93920591352085
795 262472.0 4.10298 1200.0 1.0 -31.113082611535766 52.68744338234347
796 273775.0 28.456821 1200.0 1.0 -31.113354889290633 83.226580455791
797 1299277.0 -2.367444 1200.0 1.0 -31.11460371676989 71.35432339688677
798 226617.0 36.469292 1200.0 1.0 -31.115105201251748 83.10578408604886
799 252168.0 11.57668 1200.0 1.0 -31.115360595147624 84.44646346622976
800 1544438.0 -3.34457 1200.0 1.0 -31.11664618034889 76.55342577993255
801 287107.0 62.204033 1200.0 1.0 -31.117580073227323 76.4709391147269
802 304385.0 60.686363 1200.0 1.0 -31.11815097108808 81.25329045421338
803 216386.0 16.21542 1200.0 1.0 -31.11924180560242 75.62381749638642
804 279913.0 69.64373 1200.0 1.0 -31.12339033468619 70.43672377769694
805 1069750.0 68.446709 1200.0 1.0 -31.12477203083831 79.23271021282294
806 2145414.0 25.203764 1200.0 1.0 -31.12622216343111 82.00341082659826
807 197095.0 27.34362 1200.0 1.0 -31.1281713492049 82.55812801740564
808 1300717.0 -5.320299 1200.0 1.0 -31.12945224422216 5.926147394213056
809 1490800.0 -5.516626 1200.0 1.0 -31.131043572654423 82.60906698776482
810 280247.0 9.847676 1200.0 1.0 -31.13125430461943 86.93768808804501
811 209908.0 11.450477 1200.0 1.0 -31.131461531315384 63.543012812811625
812 242446.0 7.727768 1200.0 1.0 -31.1315502372095 89.13945691032846
813 1567119.0 -4.158959 1200.0 1.0 -31.136435907549995 83.9804608222943
814 216915.0 69.136322 1200.0 1.0 -31.13698264948501 75.01282765114443
815 239958.0 72.682571 1200.0 1.0 -31.13759313344124 70.90213510245998
816 277944.0 21.223429 1200.0 1.0 -31.137791999187307 88.5057684033278
817 54535.0 27.582561 1200.0 1.0 -31.13830813630252 85.37381189991929
818 1356883.0 -10.976178 1200.0 1.0 -31.14141709162166 53.43883535842823
819 1319798.0 -6.168104 1200.0 1.0 -31.144369219950487 12.505780985329451
820 279914.0 69.623779 1200.0 1.0 -31.14477030770188 70.52088742340321
821 294657.0 36.816135 1200.0 1.0 -31.15138768411679 82.22567602005861
822 213153.0 3.007988 1200.0 1.0 -31.15484972223815 58.79663232467092
823 304387.0 61.890102 1200.0 1.0 -31.15542674783721 76.06547710361858
824 1210716.0 -1.297011 1200.0 1.0 -31.156273649553203 68.35763638420802
825 47192.0 5.637412 1200.0 1.0 -31.156385925519327 74.06652080170907
826 295728.0 11.935124 1200.0 1.0 -31.15664028553047 84.44705496151683
827 1483236.0 -3.24488 1200.0 1.0 -31.157053507380724 22.60568142080526
828 1069954.0 3.916069 1200.0 1.0 -31.15851016987318 89.29729425619526
829 260469.0 65.959564 1200.0 1.0 -31.158535451293577 75.81219300388352
830 122227.0 65.471642 1200.0 1.0 -31.159411516684067 83.31878088996415
831 264078.0 73.626045 1200.0 1.0 -31.163014109559573 70.9144615346842
832 243550.0 65.003998 1200.0 1.0 -31.164866909039517 71.19519331849705
833 287105.0 60.211838 1200.0 1.0 -31.166047375454994 79.06811380875925
834 245185.0 18.086302 1200.0 1.0 -31.168026899568385 79.11831100548532
835 247350.0 9.1292 1200.0 1.0 -31.17072202286155 71.77362694634492
836 2524359.0 -8.175903 1200.0 1.0 -31.17163501046903 2.1467497575372705
837 269670.0 8.699185 1200.0 1.0 -31.1727228087485 76.84218683343151
838 1548763.0 -11.056495 1200.0 1.0 -31.1730382874545 54.444131232330584
839 242306.0 16.852406 1200.0 1.0 -31.173455847762728 82.98188675689802
840 2556906.0 61.188671 1200.0 1.0 -31.17460674049967 74.77667458992094
841 1567118.0 -3.252016 1200.0 1.0 -31.178145054559536 76.54736688496914
842 1558837.0 -3.797151 1200.0 1.0 -31.179926990583912 43.76041871871969
843 1552363.0 -10.616782 1200.0 1.0 -31.182270568417476 60.08198722114678
844 1528600.0 -7.340582 1200.0 1.0 -31.182396534422008 58.33457478388424
845 207906.0 62.611969 1200.0 1.0 -31.186372917642057 86.3230320698394
846 307828.0 12.681018 1200.0 1.0 -31.186864443646282 75.84549636392698
847 36545.0 58.469395 1200.0 1.0 -31.190076762480707 76.20908753859091
848 1563879.0 -6.986834 1200.0 1.0 -31.190467655126664 29.794663123981003
849 1558836.0 -2.629645 1200.0 1.0 -31.191736583602644 38.48445121823481
850 287110.0 63.910698 1200.0 1.0 -31.193467821672904 72.38068739504742
851 257595.0 69.834831 1200.0 1.0 -31.19968576345866 73.84667717827796
852 125096.0 34.101711 1200.0 1.0 -31.202053898477875 82.88335291976352
853 276293.0 22.290131 1200.0 1.0 -31.202558608025637 81.9525624673838
854 287814.0 25.823524 1200.0 1.0 -31.20285596586633 80.29096806310324
855 241397.0 68.677216 1200.0 1.0 -31.207599753785427 86.6401675637418
856 255627.0 13.674129 1200.0 1.0 -31.208799366488243 70.09141160270127
857 2138083.0 -10.323818 1200.0 1.0 -31.21258277870381 65.33500781123122
858 257217.0 39.612854 1200.0 1.0 -31.2148591852856 88.45297773264124
