index RAJ2000 DEJ2000 exptime Nvis LogProb contour
0 29.087328 5.628824 1200.0 1.0 -11.908012831281916 58.70023205727411
1 27.093586 11.521566 1200.0 1.0 -12.282270912921 56.06089133274645
2 38.701832 -7.683412 1200.0 1.0 -12.625412571648816 2.9724637890967776
3 33.409714 -0.717296 1200.0 1.0 -12.65564291671006 18.817741167234253
4 27.222773 10.5216 1200.0 1.0 -12.863969115549494 54.3504877854298
5 31.020563 2.78681 1200.0 1.0 -12.8811593180914 42.25250674386471
6 33.639912 -0.766745 1200.0 1.0 -12.977365964656382 15.348878425801399
7 37.678497 -2.939004 1200.0 1.0 -13.22806769151589 73.92343720384666
8 27.904417 8.256587 1200.0 1.0 -13.267221242599245 59.992023479142745
9 40.066971 -8.776975 1200.0 1.0 -13.273994074196711 15.91672424044881
10 30.771826 2.614285 1200.0 1.0 -13.288251703948758 50.565934086268584
11 27.960539 6.296877 1200.0 1.0 -13.374119096762206 71.98580519932793
12 31.971088 2.167637 1200.0 1.0 -13.381870488017215 24.97894382589625
13 31.892147 2.115408 1200.0 1.0 -13.521399694160785 27.09585514031374
14 28.8417 6.61169 1200.0 1.0 -13.545099595498609 50.6843107372225
15 26.233719 10.423072 1200.0 1.0 -13.552047680024568 76.11346363321674
16 32.806919 -1.485583 1200.0 1.0 -13.557235676683101 58.56230201765567
17 40.036644 -11.733829 1200.0 1.0 -13.660212028641892 60.3699706012838
18 32.020691 1.894362 1200.0 1.0 -13.660516002097847 25.463111919780484
19 31.906319 2.180688 1200.0 1.0 -13.66897366777269 25.384938455682608
20 27.218527 10.589932 1200.0 1.0 -13.683529374046353 54.35789624079621
21 26.317835 10.649489 1200.0 1.0 -13.705315845444563 67.34998295198102
22 39.523422 -8.369215 1200.0 1.0 -13.706864606262183 7.309962009325672
23 29.340313 5.610033 1200.0 1.0 -13.706872174090867 49.226614765751506
24 33.993755 -0.71351 1200.0 1.0 -13.729786585214235 15.945930599684901
25 27.137753 12.613827 1200.0 1.0 -13.760750727185279 64.41294046554773
26 34.270004 1.244174 1200.0 1.0 -13.76311893059658 65.26205563831876
27 29.046219 6.744823 1200.0 1.0 -13.764332374243178 43.95498831393792
28 39.69017 -9.053499 1200.0 1.0 -13.815310330420264 1.2803754560999605
29 40.555103 -9.538623 1200.0 1.0 -13.835208550848455 13.263880552475152
30 27.37442 12.509104 1200.0 1.0 -13.84381116765397 65.53820423474133
31 39.634022 -6.902112 1200.0 1.0 -13.864475875803716 53.482030778559505
32 32.784668 -0.654751 1200.0 1.0 -13.864529440835097 38.57097113468396
33 30.273312 6.523107 1200.0 1.0 -13.865450303447062 47.20150863467593
34 40.748318 -11.670918 1200.0 1.0 -13.87988686232743 18.35888033032226
35 41.033348 -9.452301 1200.0 1.0 -13.879941371545941 38.10402647135283
36 27.182375 10.507982 1200.0 1.0 -13.899861040679692 54.3504877854298
37 27.917599 8.30048 1200.0 1.0 -13.905416700827697 54.625670730237076
38 27.444588 11.701347 1200.0 1.0 -13.909306018621697 61.25915959418607
39 29.244684 6.03674 1200.0 1.0 -13.93030860725125 48.613574621443036
40 36.486111 -4.3159 1200.0 1.0 -13.930803384420987 10.825952563145801
41 31.653358 1.515695 1200.0 1.0 -13.932869195039956 39.04732032749913
42 26.371828 10.552833 1200.0 1.0 -13.938753990446921 67.35288656295262
43 38.382675 -7.767759 1200.0 1.0 -13.939896140899243 3.2883471591778712
44 29.217066 5.774793 1200.0 1.0 -13.951462297738342 51.815339446262534
45 26.746456 13.125092 1200.0 1.0 -13.968737906839383 61.98476896376517
46 35.80518 -4.517169 1200.0 1.0 -13.974592388485288 13.35995348347097
47 25.937698 12.163655 1200.0 1.0 -13.976943183943627 63.259280902974425
48 37.046879 -5.838702 1200.0 1.0 -13.98521758098525 5.360834979697109
49 35.413475 -3.733062 1200.0 1.0 -14.023576837683034 11.192369271245866
50 40.639317 -9.467791 1200.0 1.0 -14.027602432165375 18.142584522641343
51 41.094177 -9.737584 1200.0 1.0 -14.034603427546982 27.159620329737294
52 27.308598 13.055245 1200.0 1.0 -14.043824013753126 69.98237909643932
53 31.855324 2.11609 1200.0 1.0 -14.054662689818576 27.09585514031374
54 29.7222 5.59388 1200.0 1.0 -14.063883299900452 41.226267154904555
55 36.019299 -2.856917 1200.0 1.0 -14.119542393841588 29.359900436996433
56 39.457668 -11.010317 1200.0 1.0 -14.142886567835575 57.91070884623426
57 41.105171 -9.736472 1200.0 1.0 -14.157169591247884 27.159620329737294
58 40.71656 -9.933143 1200.0 1.0 -14.159032735556549 7.83572416140415
59 26.711559 11.401514 1200.0 1.0 -14.179641380619678 58.08491070171333
60 29.283808 4.564798 1200.0 1.0 -14.20913102444899 65.03780129202867
61 30.793039 5.657077 1200.0 1.0 -14.216662588680775 47.83827323665768
62 37.368881 -5.848518 1200.0 1.0 -14.219184610726627 5.8647833661878
63 39.953083 -10.605499 1200.0 1.0 -14.219290247343247 19.42790545364147
64 28.8369 8.67626 1200.0 1.0 -14.279720360045866 48.64270161471783
65 38.381889 -7.344148 1200.0 1.0 -14.311237141873951 3.7175986541093464
66 39.587048 -11.246832 1200.0 1.0 -14.323564316500976 53.59096967339821
67 27.250113 13.21125 1200.0 1.0 -14.355288338724847 69.16753604546749
68 40.279747 -9.571104 1200.0 1.0 -14.38830848392595 4.82002356105866
69 29.0998 5.62676 1200.0 1.0 -14.41040150036022 58.70023205727411
70 40.121346 -11.277538 1200.0 1.0 -14.41053609510137 39.29645515140809
71 26.905039 11.343893 1200.0 1.0 -14.411956396811313 56.22556409550044
72 40.598202 -9.362237 1200.0 1.0 -14.445819168113816 17.01313030413093
73 31.907429 2.19041 1200.0 1.0 -14.44638674666276 25.384938455682608
74 40.749413 -8.28953 1200.0 1.0 -14.48316872431086 57.85313561793615
75 31.405407 6.771981 1200.0 1.0 -14.508361452230716 71.5434403227269
76 40.20858 -7.975829 1200.0 1.0 -14.525505596279897 46.08569871094506
77 183.062103 56.177395 1200.0 1.0 -14.540571992867436 77.20554018903718
78 33.47633 0.448155 1200.0 1.0 -14.544615214023711 24.684572863017657
79 27.285746 13.059856 1200.0 1.0 -14.553483992550428 66.9680007836633
80 183.372177 50.741467 1200.0 1.0 -14.55521564083633 81.32192241830516
81 26.478659 9.822936 1200.0 1.0 -14.559444741093506 69.65375106149511
82 40.555244 -8.492233 1200.0 1.0 -14.572362566190336 49.53529533810777
83 28.815889 10.013639 1200.0 1.0 -14.573911778189682 64.69253329746405
84 39.773994 -6.946842 1200.0 1.0 -14.585357268184964 55.069850668369625
85 35.765446 -1.748839 1200.0 1.0 -14.592135180281621 48.625227785074564
86 28.6708 6.03492 1200.0 1.0 -14.592516269349025 63.795513048343125
87 32.853962 1.266429 1200.0 1.0 -14.596216383989542 24.59636402091118
88 29.079563 5.65213 1200.0 1.0 -14.607122741575177 58.70023205727411
89 39.460094 -11.507261 1200.0 1.0 -14.614895852672415 74.75681711333489
90 30.7658 4.24128 1200.0 1.0 -14.628108801023517 33.63751414609232
91 183.59169 56.011406 1200.0 1.0 -14.663755423369254 77.92157983504082
92 40.105045 -5.440338 1200.0 1.0 -14.676877173797966 82.60645662046487
93 32.776611 -0.655307 1200.0 1.0 -14.691317622772422 38.57097113468396
94 34.921581 -0.25574 1200.0 1.0 -14.706218996379196 58.28439517123118
95 33.507675 -0.977272 1200.0 1.0 -14.707553843438252 18.274308037435276
96 40.808014 -8.125045 1200.0 1.0 -14.70948821757831 57.85756823411481
97 29.153465 5.804111 1200.0 1.0 -14.718171232131274 51.815339446262534
98 38.904346 -9.947675 1200.0 1.0 -14.726827559780823 46.734854988633785
99 36.479687 -4.595622 1200.0 1.0 -14.72900175416925 7.4033285408583405
100 40.534092 -10.761211 1200.0 1.0 -14.736798505206668 5.797781880664451
101 37.245255 -5.389627 1200.0 1.0 -14.744814882963913 8.644488105265575
102 172.209915 20.79517 1200.0 1.0 -14.749392198432073 80.12304554211092
103 29.343254 6.768251 1200.0 1.0 -14.762701427779383 41.90704932861705
104 40.862572 -11.808102 1200.0 1.0 -14.77033459896074 28.918963804305275
105 29.965918 7.411802 1200.0 1.0 -14.79109270888095 58.2559883043399
106 39.904285 -11.461172 1200.0 1.0 -14.796929726097808 51.6871722492028
107 41.421696 -8.180492 1200.0 1.0 -14.796977187759673 72.46913166383793
108 40.930202 -11.062399 1200.0 1.0 -14.806018753502658 0.830240157080365
109 26.874559 12.103878 1200.0 1.0 -14.824406815400698 57.38339812382682
110 26.085829 17.477551 1200.0 1.0 -14.853986998290791 88.88769841646085
111 173.425079 23.412638 1200.0 1.0 -14.856404592269788 82.4565522064598
112 37.641273 -4.62487 1200.0 1.0 -14.901436636624286 45.933668059728525
113 28.841738 6.611702 1200.0 1.0 -14.956228482777744 50.6843107372225
114 36.527943 -0.332012 1200.0 1.0 -14.961916643631021 88.76207281498226
115 34.828854 -0.820814 1200.0 1.0 -14.970704675014234 42.439381719389985
116 38.590225 -7.873399 1200.0 1.0 -14.975843303060275 1.670746676856173
117 37.278465 -5.566572 1200.0 1.0 -14.97977925024914 7.51852902781066
118 34.280277 1.282508 1200.0 1.0 -14.985467587238961 65.26205563831876
119 42.219666 -11.664624 1200.0 1.0 -14.988447802628434 8.211440334844799
120 34.478619 0.251845 1200.0 1.0 -14.990972308526276 51.1103032223488
121 29.521996 3.083693 1200.0 1.0 -15.00746321710028 76.77212778742614
122 30.245483 8.311156 1200.0 1.0 -15.007882751874906 70.17149695906882
123 173.315857 24.447054 1200.0 1.0 -15.01384449114263 80.00239708722489
124 39.619438 -8.106001 1200.0 1.0 -15.018885188437485 19.74363701954689
125 39.110504 -10.045905 1200.0 1.0 -15.022047108619791 43.483752043683204
126 27.9806 8.83106 1200.0 1.0 -15.036079145498153 49.62337220018899
127 42.293461 -10.680132 1200.0 1.0 -15.042386632831647 39.317756770085126
128 29.049978 5.588518 1200.0 1.0 -15.064586493921288 58.69808402153171
129 37.517727 -7.669041 1200.0 1.0 -15.068320662739971 29.422133105540567
130 41.169346 -9.126497 1200.0 1.0 -15.086044624963012 46.84142450904211
131 30.230604 6.270875 1200.0 1.0 -15.088462279680455 43.00850865738094
132 29.235212 5.781462 1200.0 1.0 -15.102490038411686 51.815339446262534
133 39.060658 -10.005286 1200.0 1.0 -15.103239549274354 43.490279770922506
134 182.438614 56.523548 1200.0 1.0 -15.126864975478338 87.97710222264524
135 29.138737 5.215221 1200.0 1.0 -15.131081783058255 59.712289907507774
136 40.8623129 -11.8086325 1200.0 1.0 -15.133790492582369 28.918963804305275
137 27.139366 13.430772 1200.0 1.0 -15.134502598633178 68.15146332711282
138 173.710312 25.530552 1200.0 1.0 -15.139260353235514 79.73952094584068
139 37.1615198 -5.4555138 1200.0 1.0 -15.145457116087073 6.537609029010172
140 31.736723 1.697918 1200.0 1.0 -15.153032862101556 39.0366203521026
141 181.384048 51.504673 1200.0 1.0 -15.16626935588924 81.11879628238086
142 41.1893 -8.16412 1200.0 1.0 -15.191747113250807 65.36412555492281
143 33.974491 1.781838 1200.0 1.0 -15.194988498820894 66.04808175900163
144 178.909714 43.045925 1200.0 1.0 -15.208009141991292 81.41827187124079
145 38.199467 -7.913835 1200.0 1.0 -15.218179206630035 8.80075911809156
146 193.875076 70.829254 1200.0 1.0 -15.220641790713923 70.75356274955084
147 37.109543 -4.50128 1200.0 1.0 -15.220951440135362 28.350123517969493
148 32.675316 -0.638396 1200.0 1.0 -15.221252112714646 49.04819267776216
149 27.2369 10.512712 1200.0 1.0 -15.236851418510721 54.35789624079621
150 172.438293 22.12661 1200.0 1.0 -15.237136037874185 80.57866355125375
151 32.9999 1.21741 1200.0 1.0 -15.243783664682624 24.996475396946273
152 29.067076 3.761852 1200.0 1.0 -15.245537929260808 83.67415058908307
153 39.77763 -7.365453 1200.0 1.0 -15.246390008710739 48.12154549866017
154 37.4415478 -5.3409584 1200.0 1.0 -15.248952772492093 16.662593909125984
155 172.778931 22.767948 1200.0 1.0 -15.249188895865485 79.80929598677011
156 194.326477 70.203438 1200.0 1.0 -15.254282371133153 70.48057513106467
157 172.150406 23.404619 1200.0 1.0 -15.296437071926313 87.06388583911611
158 37.5987695 -7.0132941 1200.0 1.0 -15.303989790858699 7.243991818676998
159 39.152256 -9.091186 1200.0 1.0 -15.309637917005736 5.062649697303504
160 27.758413 13.296624 1200.0 1.0 -15.317409492158163 79.66286015568241
161 182.377014 48.900368 1200.0 1.0 -15.324564026420271 81.63197035679542
162 28.248701 12.708479 1200.0 1.0 -15.329418781602916 88.08534860281266
163 41.959831 -11.231922 1200.0 1.0 -15.332773089971235 9.80655432302591
164 32.400497 1.091035 1200.0 1.0 -15.334826672492783 24.029110962870764
165 29.995449 6.965978 1200.0 1.0 -15.364633675545363 49.71398015387553
166 38.863216 -9.72267 1200.0 1.0 -15.376614633508227 36.269006385133004
167 29.077364 4.076297 1200.0 1.0 -15.383713699902087 72.30655121702803
168 27.353245 13.368838 1200.0 1.0 -15.391360225626348 75.52991299213335
169 27.5431 12.72332 1200.0 1.0 -15.398000504385784 69.15469632362965
170 44.32877 -10.987874 1200.0 1.0 -15.398492714470814 79.46809384918404
171 38.851845 -10.129333 1200.0 1.0 -15.402729488643185 55.84540447096338
172 198.079224 70.649353 1200.0 1.0 -15.409850331638214 82.99278401362781
173 35.7032189 -4.8855317000000005 1200.0 1.0 -15.430083832560907 26.010373887539767
174 37.150151 -5.9409578000000005 1200.0 1.0 -15.435213605119877 4.622106669276855
175 33.002 1.22568 1200.0 1.0 -15.439338651248987 24.996475396946273
176 38.660709 -6.71841 1200.0 1.0 -15.444606172769854 26.254810592365686
177 28.55472 7.883686 1200.0 1.0 -15.450099573030233 48.517320853116324
178 29.674978 8.346738 1200.0 1.0 -15.460834143274147 62.250466006808544
179 40.324223 -9.932596 1200.0 1.0 -15.460858382723975 0.6601420376899253
180 39.395302 -11.025001 1200.0 1.0 -15.485482342237626 57.908497389358935
181 194.545135 71.420158 1200.0 1.0 -15.491004182628789 70.99829140958927
182 26.313398 10.348655 1200.0 1.0 -15.50345888252332 69.38027614913551
183 39.7572 -8.76727 1200.0 1.0 -15.50725438687958 6.204583987154995
184 36.579937 -1.551558 1200.0 1.0 -15.509487739192483 74.32982791220962
185 183.204163 52.903393 1200.0 1.0 -15.5165678944105 76.7026262987915
186 195.123444 70.198662 1200.0 1.0 -15.524975758174099 73.41485099156888
187 40.8998343 -11.4049383 1200.0 1.0 -15.535522898885223 9.971178538717329
188 38.13406 -8.608278 1200.0 1.0 -15.536049125818815 36.743968690814974
189 185.75795 58.44471 1200.0 1.0 -15.539391216543628 73.96176377692815
190 36.011787 -4.159695 1200.0 1.0 -15.541830214162424 7.759272807737895
191 199.712082 72.76561 1200.0 1.0 -15.548988976414327 79.42924584325415
192 35.943531 -2.329726 1200.0 1.0 -15.55555736115485 46.529893752989906
193 39.596333 -11.739333 1200.0 1.0 -15.557290572608395 74.7577633880122
194 29.070658 4.64713 1200.0 1.0 -15.567006272447918 67.31221985381215
195 43.778522 -10.753544 1200.0 1.0 -15.567920458239172 77.26062470496018
196 40.6544468 -10.4627026 1200.0 1.0 -15.569278299733009 0.2718869442901527
197 38.134 -8.60799 1200.0 1.0 -15.57287312471799 36.743968690814974
198 30.897949 4.785712 1200.0 1.0 -15.575439829722153 35.91120736877901
199 179.812454 42.566982 1200.0 1.0 -15.581623284085627 83.58258730506127
200 39.664845 -7.495722 1200.0 1.0 -15.595310712022028 37.567755754234554
201 40.737999 -10.049809 1200.0 1.0 -15.599172634341723 4.966812128782987
202 176.058289 33.514473 1200.0 1.0 -15.6090179916975 81.79817436861244
203 42.151318 -11.622679 1200.0 1.0 -15.613556626625156 8.211440334844799
204 182.880646 51.863598 1200.0 1.0 -15.617188722835634 78.83511305343049
205 42.6504 -11.30065 1200.0 1.0 -15.643088113681765 33.33415048974571
206 32.547157 -1.232264 1200.0 1.0 -15.665200795095787 63.741759602686464
207 40.862728 -8.109214 1200.0 1.0 -15.68134040664802 64.29422425230904
208 35.222733 0.556741 1200.0 1.0 -15.68526144676844 82.80971397946868
209 39.472145 -10.790597 1200.0 1.0 -15.688235061519778 46.829261803732564
210 35.875694 -6.982882 1200.0 1.0 -15.689612791137874 75.25187214842687
211 40.087517 -6.728923 1200.0 1.0 -15.689926262162938 67.80203487349614
212 168.932388 13.782197 1200.0 1.0 -15.699227882681484 82.02278443721676
213 176.574 33.20449 1200.0 1.0 -15.701005153804939 82.36380192099982
214 177.247833 35.016102 1200.0 1.0 -15.712593460833045 86.77601697215718
215 43.6078978 -11.275486 1200.0 1.0 -15.728275447294711 63.66350712501813
216 36.6388488 -4.065051 1200.0 1.0 -15.738027320844092 23.64092738445478
217 28.601301 4.803854 1200.0 1.0 -15.743779889741033 85.95058108608991
218 178.9879 43.593063 1200.0 1.0 -15.7487355638662 81.68613539572654
219 173.435837 21.37986 1200.0 1.0 -15.749347086838952 89.98452646410568
220 38.601254 -4.490674 1200.0 1.0 -15.74999070358312 72.52723452931326
221 31.2064796 2.516532 1200.0 1.0 -15.750419427449607 36.299074073315815
222 42.651005600000005 -11.3008614 1200.0 1.0 -15.758914597449921 33.33415048974571
223 172.553711 24.169714 1200.0 1.0 -15.76666781120891 82.01076021685643
224 39.51593 -11.690603 1200.0 1.0 -15.772493661866763 74.76344103607609
225 181.192505 49.186539 1200.0 1.0 -15.77411135548035 77.67338540607311
226 29.721849 5.417449 1200.0 1.0 -15.776213900214085 43.75392412974385
227 194.41098 70.275139 1200.0 1.0 -15.783649481211963 70.4794222979463
228 35.418819 0.255246 1200.0 1.0 -15.786098779479087 74.37230464029193
229 33.7991428 -1.4757169 1200.0 1.0 -15.787798713180429 18.51368607657854
230 181.369965 46.779682 1200.0 1.0 -15.803202906818031 81.99472165234012
231 28.9312874 6.235305599999999 1200.0 1.0 -15.806481551754999 51.188917917120925
232 29.208075 4.025627 1200.0 1.0 -15.814221051960677 72.30759698631815
233 184.885986 56.736645 1200.0 1.0 -15.816662999833596 74.64315192596278
234 39.909081 -6.983118 1200.0 1.0 -15.823325959739183 62.25973382859107
235 40.8265669 -11.9384415 1200.0 1.0 -15.845123259218319 28.906446999251763
236 30.434736 6.642091 1200.0 1.0 -15.845630273099871 53.19126410794841
237 28.705187 5.967151 1200.0 1.0 -15.847596973280938 63.798978119472174
238 38.294868 -7.803662 1200.0 1.0 -15.852540855221001 6.271288103255373
239 42.32634 -8.174853 1200.0 1.0 -15.868780257739852 87.0110066606445
240 27.1578 13.76894 1200.0 1.0 -15.871023864239875 70.09023095555634
241 27.509848 8.483577 1200.0 1.0 -15.874355955766703 64.80272453025823
242 41.1452 -9.16023 1200.0 1.0 -15.881424319340473 46.85054152643348
243 38.60017 -7.477639999999999 1200.0 1.0 -15.881660955462962 3.974373959898187
244 37.821716 -8.213918 1200.0 1.0 -15.88481325173028 29.048165495090622
245 32.0183 1.91342 1200.0 1.0 -15.88490859967134 25.463111919780484
246 28.778782 5.373602 1200.0 1.0 -15.887611089395282 75.49427881837491
247 35.0800744 -2.2657948 1200.0 1.0 -15.887954655074642 14.33388825227389
248 32.4876 0.87639 1200.0 1.0 -15.892111722904165 25.232513076814662
249 32.2013 0.80031 1200.0 1.0 -15.892758552361222 34.58041275170101
250 29.041849 10.79621 1200.0 1.0 -15.901920442340582 80.96743295518877
251 29.512249 3.369804 1200.0 1.0 -15.903979396738393 76.76099089023644
252 29.499685 4.395081 1200.0 1.0 -15.918414805416514 62.28752617947324
253 176.107361 33.35508 1200.0 1.0 -15.929327756687439 81.8042370255798
254 27.8746 13.13175 1200.0 1.0 -15.93637198068853 79.66064207378336
255 43.261242 -9.513455 1200.0 1.0 -15.93679565407589 84.27622061615527
256 41.372044 -9.412492 1200.0 1.0 -15.93688930566962 49.947939769602726
257 183.220551 53.044498 1200.0 1.0 -15.967584033581158 76.34960503958841
258 185.406036 58.496552 1200.0 1.0 -15.972538588977924 74.10455088488067
259 34.0554 -0.02769 1200.0 1.0 -15.980072556700215 28.41301124675183
260 38.893223 -6.063785 1200.0 1.0 -15.985523497149604 53.224562093256544
261 43.902309 -9.993876 1200.0 1.0 -15.996299061823398 88.02597214279298
262 180.853195 47.36377 1200.0 1.0 -15.99892531392996 80.22162278089671
263 176.643387 33.106369 1200.0 1.0 -15.999413595223174 82.36050837031696
264 37.6054155 -7.006249 1200.0 1.0 -15.999798818534913 7.243991818676998
265 169.688232 15.170652 1200.0 1.0 -16.002752179788132 81.0134652109167
266 43.6085 -11.27507 1200.0 1.0 -16.013035696300406 63.66699183901533
267 172.143021 21.010729 1200.0 1.0 -16.016441846368892 80.11651272269958
268 172.249588 20.739023 1200.0 1.0 -16.03047349650158 79.86351443828947
269 173.2722756 24.6879264 1200.0 1.0 -16.040816507821553 80.0074947550824
270 37.983891 -9.545712 1200.0 1.0 -16.041124015576028 65.42550659756299
271 172.243942 20.749578 1200.0 1.0 -16.042536026997155 79.86351443828947
272 29.3605 7.85066 1200.0 1.0 -16.04941742266732 48.03319273399015
273 40.9451464 -10.982836 1200.0 1.0 -16.05738849490309 0.830240157080365
274 176.542313 33.108658 1200.0 1.0 -16.06664330343944 82.36380192099982
275 42.459541 -10.746 1200.0 1.0 -16.067111077835957 40.88396229011128
276 173.991241 23.011591 1200.0 1.0 -16.080173917120717 87.42717813547725
277 26.245602 10.340019 1200.0 1.0 -16.084600809591006 69.38027614913551
278 36.96163 -6.40359 1200.0 1.0 -16.08777825359312 13.948906450163534
279 38.928661 -6.92851 1200.0 1.0 -16.088845031117557 26.678317196051342
280 172.752731 20.469053 1200.0 1.0 -16.09170979878963 89.83690512913759
281 27.260639 12.927638 1200.0 1.0 -16.09992880285922 66.96651371551683
282 29.5121 3.3693 1200.0 1.0 -16.107487579584003 76.76099089023644
283 27.753345 11.870789 1200.0 1.0 -16.111226706802434 65.2847760297063
284 33.8832 -0.29094 1200.0 1.0 -16.11897774286465 18.485566857779187
285 33.0612 2.03471 1200.0 1.0 -16.119385579432606 43.59783287896621
286 174.31398 30.160498 1200.0 1.0 -16.12010913605576 86.2924256555347
287 183.362503 50.710358 1200.0 1.0 -16.123609506674278 81.32192241830516
288 176.11319 32.676476 1200.0 1.0 -16.13944914706972 81.57086211330193
289 174.765747 26.36165 1200.0 1.0 -16.141086412376165 84.91581067909688
290 31.677111 -0.860376 1200.0 1.0 -16.143321837890092 85.68864221571513
291 170.399 18.45847 1200.0 1.0 -16.148296759780074 87.87208587450107
292 41.009941 -7.974344 1200.0 1.0 -16.15274394619822 69.10705600103732
293 178.978882 43.942505 1200.0 1.0 -16.15320329269769 82.18057431728022
294 178.416473 43.46101 1200.0 1.0 -16.154171784304555 86.48801937623641
295 27.3897 13.23354 1200.0 1.0 -16.157916489514193 69.16625241237632
296 41.233765 -8.403724 1200.0 1.0 -16.166996473575054 66.28077801134798
297 33.6224 -0.76796 1200.0 1.0 -16.17371786552614 15.348878425801399
298 28.670824 6.034925 1200.0 1.0 -16.181707080559356 63.795513048343125
299 179.718979 42.570461 1200.0 1.0 -16.18675203471432 83.58444833493235
300 35.973667 -7.352362 1200.0 1.0 -16.188990045931003 86.52868218428877
301 174.126877 26.86087 1200.0 1.0 -16.191065589578653 80.89321056873068
302 183.333099 50.984249 1200.0 1.0 -16.19769201766876 79.98125690109113
303 27.255302 8.013824 1200.0 1.0 -16.19853505108673 72.20814673367639
304 42.1962785 -11.7570571 1200.0 1.0 -16.199237966369076 5.124608022581394
305 39.7632 -7.80701 1200.0 1.0 -16.202502440218375 41.70153966927017
306 171.46994 18.599037 1200.0 1.0 -16.218158688852284 82.15667479570554
307 185.818375 57.484184 1200.0 1.0 -16.22041679791306 75.24725369253574
308 197.086792 73.572113 1200.0 1.0 -16.223652199716465 70.83814776147364
309 40.5609 -8.49949 1200.0 1.0 -16.225107972388567 39.33195639196873
310 37.798679 -2.942899 1200.0 1.0 -16.22514176975688 73.93326724062223
311 31.915771 2.149577 1200.0 1.0 -16.226262503513656 27.09585514031374
312 42.160488 -7.951013 1200.0 1.0 -16.226280807833355 87.01555017078081
313 29.711813 5.359669 1200.0 1.0 -16.232741214713414 43.74742938589277
314 31.44315 0.626124 1200.0 1.0 -16.236751711740993 64.53290338704109
315 182.308716 47.058411 1200.0 1.0 -16.240725121415416 87.49047990367865
316 26.9798 12.692 1200.0 1.0 -16.241883291516938 60.48858710962535
317 29.420679 5.833101 1200.0 1.0 -16.242227307415742 43.46743172411979
318 39.350132 -11.870551 1200.0 1.0 -16.248345058693793 74.76154848672147
319 40.1059721 -11.4715695 1200.0 1.0 -16.250148411707062 49.824038071900645
320 179.117218 39.741867 1200.0 1.0 -16.259220013449678 88.58551571592143
321 183.936905 54.85767 1200.0 1.0 -16.260592633257907 76.49529482176214
322 183.370438 50.757023 1200.0 1.0 -16.264481011014965 81.32192241830516
323 29.637863 6.071176 1200.0 1.0 -16.27332939807421 41.53240056639475
324 186.471802 62.42907 1200.0 1.0 -16.274042601465396 76.46310621501496
325 30.434158 8.499932 1200.0 1.0 -16.28995979163186 81.52596105137081
326 28.6001 5.42131 1200.0 1.0 -16.290045093639485 75.49610700442115
327 40.702511 -8.812864 1200.0 1.0 -16.29150604676903 42.99533949561389
328 42.064243 -10.252293 1200.0 1.0 -16.293374269431165 46.77447525547658
329 180.88356 51.07795 1200.0 1.0 -16.294031210745935 79.21757801203107
330 37.7125089 -4.8229574 1200.0 1.0 -16.294383492402304 48.13919603894205
331 36.1459521 -1.4377203 1200.0 1.0 -16.294963106527952 64.42818657120702
332 165.591415 6.077123 1200.0 1.0 -16.29805320734218 87.53604637860859
333 31.7496 1.01341 1200.0 1.0 -16.298545344973412 50.46935109348809
334 171.442825 18.939821 1200.0 1.0 -16.299543118070837 80.13248026016295
335 176.592728 33.16172 1200.0 1.0 -16.302676185238965 82.36380192099982
336 175.163498 28.863894 1200.0 1.0 -16.30557487803369 81.36637805146367
337 173.500473 22.310417 1200.0 1.0 -16.307197046207257 89.84741439559856
338 173.089752 28.048277 1200.0 1.0 -16.31027454058131 89.0430959829585
339 39.411999 -11.005557 1200.0 1.0 -16.317569631420497 57.908497389358935
340 40.79538 -8.155321 1200.0 1.0 -16.320310993455408 57.85756823411481
341 36.393547 -2.936498 1200.0 1.0 -16.320427280987836 44.0100481032405
342 183.289642 50.760353 1200.0 1.0 -16.339179138160603 81.32192241830516
343 28.600164 5.421909 1200.0 1.0 -16.34204358512588 75.49610700442115
344 178.415115 38.463898 1200.0 1.0 -16.344427906122533 86.85944302357183
345 40.941483 -8.182401 1200.0 1.0 -16.346694823736037 64.28912814640361
346 32.0184 2.1805 1200.0 1.0 -16.350978016986218 24.97894382589625
347 173.614197 25.876402 1200.0 1.0 -16.35318765054369 79.7358409286834
348 173.891 24.96219 1200.0 1.0 -16.358479422266676 80.46570534533096
349 37.922092 -9.300281 1200.0 1.0 -16.359921111394513 67.04963156409572
350 27.020178 13.801047 1200.0 1.0 -16.362489526426263 70.0925922498462
351 30.614695500000003 3.687649 1200.0 1.0 -16.365618956316673 40.13174296189831
352 173.412491 24.684616 1200.0 1.0 -16.37079312191441 80.00895123161311
353 180.287216 47.424133 1200.0 1.0 -16.373853683720625 78.97646848392009
354 29.3442 5.71157 1200.0 1.0 -16.388735046389478 49.23522009438581
355 181.538269 50.852795 1200.0 1.0 -16.39348212115804 79.2213612104053
356 30.285257 8.943108 1200.0 1.0 -16.39906903586884 76.84815301728143
357 42.068432 -8.93007 1200.0 1.0 -16.39960921214914 69.34607497748996
358 182.205368 54.053036 1200.0 1.0 -16.40408870619428 79.48825257220736
359 41.305305 -8.348331 1200.0 1.0 -16.417340245673756 66.27769912957815
360 33.908051 1.661981 1200.0 1.0 -16.419733826975076 66.04651790760137
361 34.74921 0.329895 1200.0 1.0 -16.444487036110395 59.43615037183214
362 173.906738 25.088604 1200.0 1.0 -16.446057267026752 81.99940169598263
363 34.1987 -0.65307 1200.0 1.0 -16.44930699745495 23.430366895521853
364 39.5077 -8.37372 1200.0 1.0 -16.45150282191257 7.309962009325672
365 29.9980757 7.1881789000000005 1200.0 1.0 -16.452286190615006 53.82029669120312
366 41.541447 -8.23649 1200.0 1.0 -16.45453762952697 72.45978629250294
367 28.67733 5.426036 1200.0 1.0 -16.456723457315785 75.49793519046739
368 172.171295 19.731009 1200.0 1.0 -16.460046441333297 84.59437242430063
369 34.0386 1.25492 1200.0 1.0 -16.46307750273475 63.34609634793018
370 35.344643 -5.463167 1200.0 1.0 -16.468764074748947 58.054115738894026
371 35.089222 -4.967177 1200.0 1.0 -16.47431947743211 53.400646177145546
372 39.244297 -5.349212 1200.0 1.0 -16.47510471072642 69.87728528674886
373 185.272949 61.087185 1200.0 1.0 -16.477561500167326 82.64817405707205
374 172.304779 19.772362 1200.0 1.0 -16.484189076240533 84.60142102807089
375 174.64032 25.39813 1200.0 1.0 -16.48887014283666 89.8944493996436
376 166.16243 5.200473 1200.0 1.0 -16.490299802021326 88.25742553860071
377 176.582062 35.003666 1200.0 1.0 -16.496363275684356 82.35392063507834
378 176.18718 33.320934 1200.0 1.0 -16.4976291104861 81.79884799716437
379 172.682709 22.363226 1200.0 1.0 -16.498914242012656 81.95055320872721
380 175.222855 30.572981 1200.0 1.0 -16.501234727160607 80.85737750196674
381 176.681747 34.998627 1200.0 1.0 -16.50258035249363 82.35457943576819
382 32.7609072 1.413944 1200.0 1.0 -16.503744784638325 23.73482671659852
383 169.644211 12.711115 1200.0 1.0 -16.506876546005145 89.17204806195357
384 27.015 12.93453 1200.0 1.0 -16.50997965934868 62.50886120958421
385 40.0978848 -11.3510594 1200.0 1.0 -16.511915923289024 39.303556650882626
386 32.5407342 0.6311047 1200.0 1.0 -16.512152600570545 26.443226084696132
